CMPE485 - 1000 RNs U(0,1)
Generated: Mar 14 2026 12:43:52

0.046489
0.115833
0.757418
0.274758
0.587511
0.601831
0.927436
0.039864
0.863775
0.656975
0.886894
0.079817
0.794859
0.643823
0.063813
0.128729
0.204673
0.757602
0.355363
0.295254
0.000374
0.343195
0.587244
0.717947
0.760679
0.824787
0.003921
0.125420
0.909894
0.006322
0.850649
0.956384
0.122155
0.608067
0.231142
0.709665
0.209898
0.158577
0.749530
0.073672
0.815552
0.636423
0.153489
0.610411
0.280247
0.217302
0.739140
0.484920
0.974904
0.094503
0.780174
0.975277
0.437698
0.367417
0.693224
0.198377
0.192205
0.697145
0.323797
0.102099
0.703467
0.174445
0.058482
0.825622
0.782512
0.289624
0.535287
0.992410
0.448201
0.284817
0.066082
0.263753
0.921240
0.219572
0.874165
0.201487
0.436873
0.613305
0.686407
0.411777
0.707808
0.466580
0.387054
0.145506
0.833998
0.080278
0.343883
0.026202
0.777424
0.667680
0.128301
0.480891
0.842125
0.186783
0.306512
0.624638
0.476407
0.841800
0.617048
0.924609
0.126617
0.683130
0.188362
0.047857
0.902701
0.062527
0.249344
0.339575
0.675832
0.935751
0.751351
0.383640
0.402331
0.138405
0.529147
0.236329
0.218684
0.873030
0.262532
0.996108
0.540710
0.390833
0.476998
0.382835
0.577616
0.783511
0.007473
0.054023
0.625310
0.624520
0.978632
0.751927
0.307650
0.166994
0.799784
0.210352
0.229521
0.049128
0.549927
0.905353
0.984879
0.301278
0.288994
0.387211
0.439683
0.818140
0.623540
0.658367
0.691170
0.886072
0.654475
0.231880
0.276905
0.131473
0.614716
0.854521
0.914984
0.622189
0.908544
0.540294
0.246709
0.887176
0.292222
0.554359
0.054171
0.092006
0.764711
0.283692
0.141134
0.314638
0.189045
0.126014
0.615916
0.478039
0.513225
0.055599
0.296180
0.136765
0.713966
0.987350
0.022837
0.368441
0.219230
0.299741
0.499915
0.833946
0.154262
0.414898
0.456134
0.062806
0.955193
0.702844
0.949982
0.247414
0.257203
0.004153
0.339420
0.021914
0.287845
0.480554
0.336552
0.476890
0.606568
0.952467
0.954929
0.119792
0.008066
0.251108
0.256557
0.722033
0.238458
0.279394
0.090474
0.457689
0.579135
0.590389
0.291635
0.733397
0.005287
0.747769
0.796203
0.960480
0.450613
0.746185
0.207894
0.707815
0.750338
0.547314
0.729730
0.038182
0.027869
0.066281
0.515072
0.634437
0.018749
0.470001
0.754229
0.026815
0.721110
0.010786
0.748848
0.959568
0.290179
0.839322
0.417257
0.869314
0.429711
0.708891
0.602711
0.434998
0.456661
0.398913
0.395478
0.907273
0.145098
0.603372
0.615089
0.895436
0.150686
0.344818
0.933618
0.178555
0.411100
0.448690
0.812991
0.429848
0.918692
0.567220
0.456663
0.639801
0.578006
0.205511
0.599369
0.868186
0.044833
0.016626
0.737500
0.474544
0.725518
0.340210
0.909541
0.182178
0.739124
0.305019
0.089451
0.884222
0.908391
0.704540
0.779657
0.059077
0.049358
0.713276
0.237632
0.460458
0.161966
0.050623
0.890306
0.080657
0.617843
0.346969
0.720459
0.195850
0.552480
0.319828
0.064035
0.597314
0.336454
0.801535
0.071857
0.061971
0.141745
0.981399
0.244150
0.880869
0.286418
0.333601
0.765090
0.194809
0.038141
0.544748
0.253886
0.087499
0.258023
0.491517
0.547957
0.419989
0.542141
0.438263
0.500647
0.159984
0.785232
0.221105
0.355834
0.337712
0.540933
0.419869
0.935026
0.877387
0.221404
0.006884
0.939358
0.363149
0.988283
0.183508
0.244018
0.274700
0.517109
0.009108
0.469509
0.555250
0.553856
0.723395
0.642749
0.811879
0.214912
0.190706
0.231868
0.757053
0.628968
0.732515
0.917037
0.414200
0.953620
0.272871
0.751913
0.494553
0.692740
0.686939
0.371940
0.914144
0.693822
0.311298
0.277293
0.682105
0.494806
0.521310
0.956805
0.011915
0.530419
0.426314
0.567164
0.084275
0.149709
0.209913
0.896154
0.364621
0.400619
0.128022
0.121674
0.029587
0.860537
0.038711
0.443787
0.814157
0.311582
0.195700
0.308710
0.004321
0.882638
0.680650
0.918465
0.576461
0.991948
0.195758
0.258565
0.486754
0.717068
0.215370
0.498669
0.247487
0.641685
0.065833
0.331761
0.791393
0.275746
0.227915
0.156014
0.676365
0.355937
0.277688
0.705952
0.216475
0.316398
0.149739
0.030632
0.627980
0.345438
0.339342
0.632301
0.228076
0.019992
0.550766
0.804537
0.011941
0.746524
0.063102
0.498695
0.463592
0.278473
0.997363
0.711078
0.920157
0.063197
0.042840
0.711551
0.338943
0.270755
0.867565
0.015308
0.626692
0.145252
0.721259
0.843167
0.461651
0.870998
0.873799
0.089631
0.216436
0.213141
0.721932
0.444513
0.233134
0.272698
0.249050
0.245074
0.019222
0.312152
0.743769
0.482813
0.590625
0.741132
0.193892
0.510782
0.804329
0.236731
0.222333
0.143272
0.507486
0.089897
0.158579
0.134178
0.235150
0.879839
0.977345
0.696800
0.750837
0.851143
0.786431
0.967273
0.064285
0.508363
0.411786
0.297418
0.781060
0.660836
0.542492
0.800282
0.972989
0.286261
0.283095
0.563613
0.027393
0.476987
0.074396
0.831722
0.713719
0.296729
0.974993
0.221204
0.386626
0.133573
0.355382
0.621776
0.013412
0.332727
0.318576
0.764249
0.183870
0.105007
0.731522
0.248155
0.613369
0.143308
0.545573
0.394430
0.804145
0.088065
0.194712
0.777133
0.374326
0.477807
0.340747
0.401720
0.954795
0.415142
0.233441
0.668513
0.711871
0.208435
0.889717
0.098497
0.342007
0.245100
0.720272
0.355419
0.577826
0.038848
0.119668
0.761697
0.143855
0.851189
0.009851
0.757225
0.994498
0.555424
0.151654
0.798642
0.643490
0.346366
0.575775
0.017816
0.824174
0.916522
0.419535
0.778968
0.331664
0.652977
0.447481
0.043535
0.861412
0.337199
0.142032
0.203419
0.582298
0.862305
0.558838
0.160125
0.901153
0.678506
0.921821
0.045008
0.529695
0.931673
0.802233
0.524193
0.487097
0.953887
0.322835
0.130587
0.300253
0.898611
0.148403
0.124427
0.815133
0.567938
0.903395
0.146797
0.220915
0.350876
0.190333
0.082326
0.688075
0.332365
0.285746
0.270373
0.194669
0.844584
0.430498
0.095822
0.523089
0.352319
0.140830
0.052784
0.283992
0.943063
0.576977
0.771089
0.896950
0.899813
0.901675
0.197204
0.798423
0.050078
0.321631
0.613556
0.618016
0.225026
0.760353
0.838931
0.575902
0.950686
0.921257
0.263976
0.283050
0.207003
0.534349
0.477720
0.051586
0.964847
0.573542
0.574676
0.317165
0.714372
0.627460
0.601157
0.657436
0.204438
0.372246
0.554386
0.104250
0.273921
0.751590
0.902673
0.323998
0.073220
0.516230
0.942014
0.298246
0.276583
0.780945
0.874147
0.227269
0.702202
0.138124
0.510319
0.909204
0.672473
0.988039
0.960791
0.637319
0.561581
0.535466
0.954485
0.275953
0.162927
0.555642
0.933389
0.367364
0.927887
0.487775
0.471614
0.201808
0.239364
0.374288
0.525806
0.312585
0.890517
0.467820
0.610831
0.167100
0.248765
0.484978
0.394369
0.950967
0.623101
0.904688
0.860171
0.295574
0.892727
0.820962
0.932893
0.454308
0.356428
0.887378
0.730261
0.519355
0.443019
0.663650
0.886719
0.370906
0.151425
0.358334
0.572714
0.390789
0.732622
0.098520
0.703374
0.623139
0.566341
0.314204
0.790240
0.815106
0.799182
0.184609
0.766072
0.422284
0.089297
0.626244
0.717858
0.982023
0.447205
0.650751
0.436331
0.803634
0.538129
0.166592
0.322989
0.981148
0.830242
0.209708
0.352054
0.981667
0.568042
0.924768
0.372456
0.300664
0.023288
0.075829
0.923803
0.589629
0.390034
0.714043
0.404735
0.189216
0.898652
0.170807
0.611500
0.987948
0.797050
0.329358
0.969972
0.244256
0.980109
0.406303
0.047890
0.518237
0.572895
0.370879
0.499385
0.403137
0.580587
0.851439
0.384804
0.148630
0.776207
0.757259
0.449294
0.799496
0.833089
0.373097
0.389125
0.223122
0.087140
0.793859
0.412339
0.985792
0.964666
0.023839
0.973740
0.761717
0.353196
0.943711
0.005973
0.333305
0.350014
0.053862
0.851542
0.922909
0.424741
0.350927
0.326046
0.005329
0.202367
0.710850
0.153958
0.978574
0.468109
0.603252
0.778070
0.301198
0.976349
0.167195
0.524320
0.063490
0.961054
0.936659
0.049281
0.925720
0.960497
0.023021
0.687437
0.313694
0.966733
0.693409
0.646999
0.316747
0.747272
0.498541
0.239656
0.172013
0.849468
0.565703
0.177341
0.051835
0.276553
0.331300
0.030409
0.744662
0.934552
0.808479
0.045860
0.910901
0.975673
0.570180
0.974391
0.936727
0.506839
0.023672
0.862447
0.467336
0.046693
0.549884
0.781029
0.013426
0.243293
0.428028
0.330173
0.990565
0.926569
0.569830
0.162578
0.776037
0.135532
0.339919
0.827872
0.412085
0.671219
0.858281
0.156747
0.605771
0.666759
0.202606
0.516672
0.642433
0.772786
0.491063
0.579160
0.279625
0.514735
0.441608
0.746960
0.561428
0.991492
0.527990
0.574854
0.234785
0.956018
0.905027
0.225350
0.882587
0.474856
0.387928
0.658623
0.610389
0.727848
0.486495
0.022474
0.399067
0.344776
0.179220
0.004838
0.011535
0.381827
0.521510
0.653968
0.154613
0.012572
0.233128
0.434237
0.527307
0.674736
0.181197
0.088735
0.666228
0.709187
0.663589
0.901013
0.665205
0.568615
0.126364
0.547792
0.043472
0.514292
0.206415
0.653861
0.242140
0.692910
0.676334
0.641207
0.037686
0.855554
0.646045
0.049221
0.237381
0.167555
0.703189
0.391994
0.180127
0.936318
0.826231
0.707434
0.611054
0.007428
0.796168
0.277281
0.716616
0.459757
0.178295
0.381821
0.028372
0.304658
0.929612
0.071844
0.818950
0.136028
0.725705
0.061090
0.828938
0.402039
0.702297
0.866624
0.257593
0.348342
0.915846
0.494975
0.515896
0.619035
0.886968
0.696023
0.555353
0.713199
0.403457
0.166407
0.720627
0.199625
0.443688
0.437243
0.659382
0.621982
0.819063
0.687755
0.926641
0.748676
0.759599
0.745591
0.884703
0.485304
0.806681
0.713641
0.887343
0.508978
0.580266
0.144936
0.857319
0.496112
0.639911
0.373215
0.115147
0.526879
0.069238
