CMPE485 - 10000 U(0,1) RNs
Generated: Mar 21 2026

0.646071
0.921554
0.301933
0.653323
0.111934
0.784558
0.671973
0.890367
0.763805
0.523512
0.917078
0.184480
0.340225
0.706931
0.074216
0.572335
0.140105
0.558151
0.824068
0.934318
0.551818
0.801695
0.405462
0.277003
0.215842
0.058820
0.668610
0.851477
0.978241
0.854974
0.707300
0.624312
0.776529
0.009232
0.277635
0.888463
0.793791
0.949608
0.778829
0.557595
0.473120
0.695908
0.742075
0.813345
0.402839
0.816291
0.385680
0.542944
0.374442
0.209747
0.477261
0.926260
0.011442
0.882723
0.203262
0.227284
0.941544
0.871872
0.078761
0.919785
0.726847
0.786061
0.544096
0.503375
0.795294
0.821731
0.391838
0.589084
0.771339
0.170668
0.146680
0.244459
0.866576
0.888755
0.057803
0.269415
0.705045
0.443483
0.812359
0.079487
0.653230
0.289620
0.005747
0.664672
0.172343
0.209010
0.891957
0.113887
0.080882
0.970718
0.033671
0.807729
0.756779
0.577768
0.311104
0.552072
0.399499
0.702943
0.141157
0.170838
0.873611
0.287836
0.415296
0.740187
0.176591
0.473100
0.009601
0.881636
0.916583
0.821960
0.961124
0.569813
0.111580
0.966871
0.234485
0.283923
0.175881
0.126442
0.397810
0.256763
0.097160
0.431481
0.064492
0.853938
0.009249
0.375596
0.406011
0.408747
0.078539
0.547167
0.579585
0.952150
0.835003
0.994881
0.692336
0.011594
0.467980
0.701938
0.893230
0.384563
0.523897
0.854354
0.954376
0.635477
0.821225
0.188861
0.919400
0.997106
0.315303
0.317210
0.253869
0.412463
0.748691
0.318360
0.266401
0.757939
0.693956
0.672412
0.166687
0.772495
0.219579
0.746271
0.724645
0.054582
0.741152
0.416981
0.066176
0.209132
0.118919
0.959407
0.593695
0.642816
0.813761
0.548071
0.278293
0.634986
0.736933
0.197693
0.632091
0.052236
0.514903
0.885960
0.464699
0.263594
0.204320
0.731100
0.021533
0.898277
0.403512
0.188220
0.670772
0.623091
0.934491
0.395417
0.677673
0.675643
0.812398
0.743850
0.884776
0.931317
0.703257
0.478471
0.574133
0.517017
0.026542
0.852426
0.152003
0.763475
0.050119
0.784095
0.815711
0.565022
0.670055
0.280410
0.828616
0.874375
0.011511
0.850149
0.772652
0.415023
0.038369
0.443424
0.038114
0.972860
0.838840
0.715787
0.648503
0.651238
0.459637
0.533279
0.582555
0.162893
0.011750
0.156687
0.679911
0.038292
0.009113
0.831914
0.801767
0.059232
0.616009
0.617479
0.624255
0.286064
0.897889
0.452871
0.160439
0.909400
0.303020
0.933090
0.324423
0.341389
0.376514
0.362537
0.314250
0.215354
0.078324
0.962753
0.866592
0.537961
0.496032
0.449147
0.700855
0.507782
0.605835
0.380766
0.546074
0.614948
0.212680
0.347841
0.674180
0.828689
0.965320
0.298435
0.114752
0.863209
0.751306
0.275191
0.772609
0.054326
0.208281
0.097032
0.395715
0.584795
0.459569
0.709964
0.800149
0.537894
0.672717
0.666742
0.075855
0.168749
0.115889
0.776710
0.676531
0.721723
0.157475
0.222604
0.336671
0.370155
0.570446
0.010851
0.198844
0.535766
0.309286
0.313596
0.398975
0.060592
0.588787
0.171584
0.114918
0.797068
0.268616
0.510633
0.381863
0.728186
0.220597
0.182012
0.266079
0.893314
0.848754
0.341935
0.062064
0.964643
0.118644
0.738594
0.686366
0.276120
0.961199
0.023037
0.646275
0.531644
0.033888
0.845119
0.067410
0.343175
0.158715
0.466385
0.403767
0.747502
0.637969
0.518684
0.544571
0.906585
0.029317
0.926434
0.634771
0.249914
0.108446
0.900850
0.143228
0.957200
0.242785
0.205292
0.921843
0.361429
0.943886
0.608209
0.637549
0.905085
0.631246
0.283824
0.436729
0.665134
0.128942
0.504139
0.008309
0.287658
0.970524
0.412075
0.035160
0.608492
0.930760
0.579730
0.515077
0.960076
0.506164
0.149848
0.209990
0.614611
0.050698
0.353219
0.571811
0.293482
0.558510
0.493654
0.654911
0.502396
0.101863
0.292460
0.407481
0.733109
0.576284
0.844210
0.398243
0.705226
0.348349
0.406552
0.992884
0.318873
0.818628
0.028043
0.927365
0.749387
0.607774
0.442442
0.709464
0.113938
0.592289
0.919454
0.728548
0.642987
0.272672
0.300359
0.936469
0.831183
0.794013
0.591381
0.333579
0.895876
0.883841
0.741060
0.628985
0.460124
0.585271
0.027228
0.165351
0.933620
0.433780
0.158234
0.252492
0.252408
0.186278
0.179857
0.001795
0.794051
0.622299
0.711258
0.907989
0.214588
0.630712
0.636537
0.857575
0.903385
0.936897
0.794045
0.734567
0.730910
0.385426
0.068147
0.626786
0.269266
0.809207
0.255771
0.729391
0.394478
0.282999
0.894741
0.328097
0.716779
0.052975
0.580590
0.969187
0.239253
0.760447
0.970981
0.033304
0.382745
0.682240
0.941293
0.597334
0.312952
0.577831
0.454909
0.216337
0.514728
0.248954
0.950904
0.245638
0.634379
0.019051
0.872423
0.903645
0.828258
0.128194
0.633036
0.222736
0.411193
0.527777
0.550833
0.127972
0.580753
0.131423
0.097159
0.820006
0.891869
0.068140
0.853310
0.274615
0.750380
0.794604
0.871949
0.063332
0.372434
0.326857
0.279669
0.887162
0.575811
0.230573
0.132800
0.210190
0.249623
0.005223
0.113835
0.077881
0.133417
0.746871
0.300617
0.544610
0.274649
0.851450
0.672582
0.855402
0.982872
0.769741
0.675407
0.874742
0.837881
0.528718
0.149357
0.588261
0.323321
0.021305
0.651593
0.695756
0.348163
0.931262
0.582918
0.923973
0.161834
0.715717
0.134163
0.411458
0.720941
0.247999
0.489339
0.854358
0.994870
0.789955
0.398968
0.269519
0.641405
0.071551
0.124920
0.624277
0.841292
0.800328
0.499019
0.679173
0.329045
0.648376
0.267434
0.652366
0.669681
0.919027
0.348122
0.017844
0.850289
0.931040
0.941817
0.012123
0.646757
0.075980
0.423580
0.367698
0.323979
0.912919
0.222056
0.318849
0.702874
0.621024
0.588367
0.344279
0.692574
0.713287
0.968556
0.533866
0.513615
0.467575
0.213039
0.842660
0.115951
0.480472
0.495026
0.785632
0.399499
0.843148
0.803476
0.249788
0.774188
0.745293
0.261911
0.420945
0.821273
0.685491
0.788643
0.145252
0.598410
0.010698
0.464101
0.301284
0.631722
0.052468
0.645563
0.324296
0.765756
0.614119
0.858162
0.279371
0.081695
0.071201
0.122031
0.197646
0.551673
0.617057
0.983278
0.951172
0.460205
0.786753
0.200960
0.234393
0.532046
0.462871
0.655338
0.353319
0.148361
0.443981
0.498571
0.746772
0.454679
0.962672
0.048056
0.086401
0.015140
0.693619
0.410697
0.780896
0.307738
0.268860
0.060266
0.389433
0.340061
0.182297
0.587079
0.891734
0.799354
0.570356
0.842906
0.259559
0.357110
0.043866
0.493952
0.889156
0.506737
0.149290
0.242475
0.655098
0.593271
0.741046
0.401870
0.047950
0.703718
0.449925
0.134351
0.718858
0.143544
0.545048
0.499753
0.451283
0.813908
0.560020
0.840716
0.153968
0.742317
0.427795
0.045702
0.541671
0.998151
0.888608
0.801230
0.355260
0.932474
0.295183
0.244416
0.439211
0.444473
0.486891
0.094309
0.037744
0.227936
0.496179
0.085694
0.931654
0.946104
0.220045
0.650511
0.089649
0.765093
0.150265
0.540931
0.579001
0.710284
0.381647
0.732969
0.452601
0.809442
0.778671
0.994272
0.807593
0.667279
0.795502
0.162853
0.599754
0.090685
0.407269
0.038965
0.535158
0.894160
0.133274
0.572902
0.122096
0.629453
0.658596
0.053750
0.575557
0.878641
0.704261
0.665205
0.643734
0.854526
0.206137
0.222734
0.564810
0.587784
0.955703
0.017411
0.397226
0.734374
0.011683
0.204819
0.401653
0.807184
0.367673
0.001407
0.897869
0.774942
0.040372
0.433027
0.669102
0.173646
0.005928
0.791198
0.803098
0.664524
0.844948
0.378655
0.543165
0.549210
0.043860
0.186899
0.403736
0.249997
0.409633
0.968546
0.837781
0.365336
0.985957
0.235008
0.099710
0.997639
0.439827
0.501364
0.804824
0.807500
0.502771
0.702693
0.582442
0.543143
0.135719
0.251544
0.716789
0.141647
0.042742
0.519887
0.806172
0.887691
0.898542
0.349337
0.436900
0.942403
0.536236
0.840636
0.192400
0.945869
0.809182
0.030181
0.311205
0.795138
0.265189
0.410915
0.792778
0.705016
0.912279
0.597601
0.512516
0.415050
0.300294
0.094958
0.958193
0.436013
0.346502
0.674981
0.577660
0.389244
0.194869
0.383832
0.276935
0.093411
0.733169
0.713835
0.035814
0.269405
0.554471
0.228213
0.215273
0.363653
0.258395
0.526478
0.158791
0.523584
0.937393
0.951569
0.228599
0.849672
0.549170
0.741115
0.264722
0.849464
0.836073
0.222914
0.285476
0.182574
0.897896
0.863137
0.571818
0.092764
0.246969
0.848753
0.186175
0.980138
0.562588
0.221989
0.249543
0.117059
0.450202
0.464816
0.480712
0.708597
0.991294
0.639503
0.232180
0.928687
0.591071
0.460780
0.778359
0.140241
0.201895
0.043081
0.989705
0.037967
0.265995
0.275182
0.220541
0.163891
0.138318
0.792359
0.256655
0.385287
0.641112
0.442830
0.365425
0.203700
0.664819
0.614967
0.320759
0.115021
0.079783
0.801470
0.823618
0.071077
0.440973
0.055799
0.999765
0.032044
0.516578
0.778124
0.172286
0.718473
0.821205
0.161991
0.756440
0.087200
0.437172
0.976982
0.251091
0.575490
0.769341
0.507746
0.960778
0.410453
0.950576
0.326202
0.614153
0.615395
0.941170
0.934912
0.730417
0.020953
0.736382
0.554035
0.092031
0.177355
0.609833
0.091795
0.209399
0.126412
0.869919
0.381685
0.844885
0.691124
0.543676
0.601325
0.778324
0.980848
0.578307
0.029414
0.556338
0.347648
0.537160
0.517116
0.758101
0.487736
0.843318
0.372254
0.103131
0.784488
0.307166
0.833548
0.805442
0.043548
0.387583
0.897472
0.220904
0.997416
0.989268
0.430303
0.123828
0.859187
0.811988
0.968713
0.550311
0.355664
0.570038
0.328635
0.336512
0.148345
0.358049
0.892850
0.495994
0.895209
0.409966
0.254095
0.382945
0.253284
0.626349
0.486077
0.037773
0.933516
0.319625
0.843214
0.977064
0.707207
0.740687
0.197968
0.704624
0.729954
0.628270
0.828452
0.589142
0.440258
0.797165
0.139453
0.795922
0.367203
0.468088
0.132434
0.515549
0.826137
0.025284
0.011542
0.721346
0.435249
0.265637
0.104291
0.688534
0.891986
0.590368
0.726306
0.825502
0.909993
0.569521
0.802566
0.617200
0.310207
0.000533
0.321824
0.040162
0.628804
0.150275
0.629303
0.069062
0.947440
0.768756
0.864984
0.314643
0.236844
0.997418
0.830192
0.062981
0.022701
0.841734
0.784327
0.457951
0.107371
0.888618
0.146485
0.999358
0.478986
0.872791
0.824860
0.388978
0.442311
0.627426
0.006178
0.752519
0.627959
0.328002
0.792680
0.256763
0.478277
0.421984
0.325825
0.425717
0.190740
0.190810
0.740361
0.427583
0.188228
0.570553
0.490564
0.210929
0.412287
0.274891
0.668880
0.519659
0.163509
0.815365
0.519016
0.642495
0.688156
0.343876
0.031473
0.130467
0.971301
0.037652
0.882986
0.599260
0.365654
0.675666
0.856023
0.843931
0.097649
0.181849
0.269648
0.288389
0.372658
0.010009
0.715972
0.560886
0.580562
0.206537
0.771815
0.992849
0.481428
0.440695
0.512507
0.644937
0.256059
0.031524
0.287432
0.944215
0.375399
0.318905
0.074682
0.346701
0.356557
0.957667
0.945961
0.722211
0.633333
0.801984
0.566142
0.730983
0.983833
0.835790
0.019372
0.356491
0.845799
0.735344
0.917377
0.426361
0.941881
0.689192
0.419210
0.423308
0.129886
0.931717
0.068245
0.385946
0.963241
0.355677
0.330160
0.338640
0.674582
0.404842
0.685341
0.031139
0.362509
0.631302
0.753349
0.995843
0.433287
0.319491
0.726825
0.417120
0.155281
0.746197
0.773611
0.001080
0.481541
0.690988
0.427440
0.423421
0.380179
0.846650
0.846730
0.510066
0.778367
0.914975
0.896011
0.741608
0.270651
0.226171
0.080248
0.945233
0.631014
0.765589
0.976372
0.993523
0.396892
0.729721
0.989366
0.830178
0.049212
0.716191
0.247298
0.204493
0.462387
0.020909
0.205573
0.943928
0.711897
0.633013
0.367350
0.092076
0.479664
0.214079
0.602142
0.258031
0.129054
0.498153
0.999639
0.399705
0.724324
0.079887
0.344938
0.355338
0.845477
0.321310
0.348861
0.242368
0.051031
0.338227
0.072547
0.100243
0.054417
0.319845
0.304737
0.516805
0.340754
0.510310
0.460733
0.052651
0.143323
0.828082
0.144727
0.622987
0.042162
0.746869
0.881017
0.171216
0.245022
0.880656
0.570921
0.969346
0.960543
0.915859
0.324684
0.806020
0.237169
0.673545
0.048388
0.288201
0.011772
0.120935
0.388444
0.066189
0.440780
0.693181
0.582994
0.781534
0.203490
0.043727
0.834185
0.346813
0.871809
0.978912
0.969800
0.913971
0.725782
0.850817
0.085187
0.970804
0.731474
0.656108
0.940150
0.692017
0.571967
0.264835
0.498037
0.809136
0.938380
0.546425
0.097337
0.950152
0.667360
0.485781
0.016341
0.108140
0.178962
0.599336
0.889674
0.382452
0.643063
0.723859
0.729265
0.514872
0.702772
0.699065
0.428843
0.428553
0.549883
0.514030
0.399357
0.281357
0.170138
0.339507
0.973374
0.742104
0.604342
0.471411
0.551241
0.542722
0.017836
0.648577
0.492874
0.685196
0.134358
0.509215
0.793336
0.313320
0.108551
0.683010
0.695771
0.751613
0.406869
0.425037
0.266485
0.109641
0.124102
0.695329
0.538195
0.673985
0.209359
0.937552
0.955342
0.379496
0.277059
0.928715
0.121601
0.881401
0.400126
0.672841
0.424122
0.417961
0.321418
0.916996
0.103157
0.455776
0.426211
0.896493
0.769096
0.534761
0.579503
0.464868
0.286374
0.986372
0.889904
0.552860
0.096013
0.014006
0.248188
0.634208
0.687991
0.457547
0.571760
0.643333
0.837043
0.848819
0.572048
0.958643
0.730219
0.972174
0.631484
0.154341
0.390135
0.952903
0.071337
0.493292
0.408679
0.497548
0.389785
0.177775
0.032309
0.969288
0.642643
0.318683
0.955660
0.532547
0.871543
0.051673
0.546554
0.119731
0.685882
0.234545
0.577278
0.257641
0.877878
0.414321
0.106460
0.449926
0.372964
0.836680
0.422100
0.004449
0.991021
0.812235
0.957352
0.062358
0.305527
0.366031
0.559906
0.695312
0.543807
0.592215
0.664600
0.186450
0.910899
0.620260
0.718997
0.782442
0.671933
0.265551
0.902173
0.357815
0.500096
0.479451
0.615456
0.377974
0.893772
0.721916
0.827901
0.266737
0.558596
0.250001
0.271186
0.549617
0.062236
0.228537
0.611975
0.367763
0.594569
0.171881
0.063075
0.138375
0.764096
0.727675
0.324825
0.674995
0.347935
0.043822
0.457437
0.019868
0.309372
0.359610
0.377683
0.809468
0.839061
0.993139
0.187442
0.732834
0.715055
0.015343
0.999570
0.273651
0.265344
0.270756
0.823268
0.327580
0.499293
0.435243
0.695343
0.093862
0.607124
0.758418
0.232237
0.371221
0.486093
0.557062
0.046216
0.834028
0.600883
0.503652
0.853896
0.910255
0.863262
0.231579
0.719724
0.702324
0.224718
0.907166
0.435157
0.939773
0.922509
0.434727
0.213424
0.187852
0.705484
0.036692
0.515432
0.204777
0.471935
0.210775
0.298639
0.079060
0.969193
0.530876
0.450281
0.455286
0.087938
0.496496
0.289315
0.688821
0.000149
0.143211
0.599076
0.863411
0.374790
0.318800
0.565734
0.599507
0.225966
0.000892
0.539280
0.148475
0.435619
0.752704
0.336327
0.141103
0.789396
0.851759
0.345880
0.261331
0.062534
0.644518
0.340391
0.031727
0.175394
0.790671
0.487014
0.263332
0.287168
0.776328
0.952153
0.287316
0.919539
0.551229
0.150727
0.294329
0.870029
0.716462
0.893836
0.095995
0.717353
0.433116
0.244470
0.152972
0.185820
0.580797
0.294075
0.975216
0.432557
0.639954
0.236547
0.495091
0.284473
0.576938
0.526818
0.459867
0.367609
0.013831
0.723199
0.654777
0.790160
0.675352
0.942093
0.709698
0.226582
0.092820
0.004027
0.096611
0.809282
0.897863
0.192606
0.526635
0.330979
0.437077
0.679608
0.516798
0.017874
0.973683
0.492014
0.450431
0.613637
0.728561
0.945521
0.898110
0.305499
0.472339
0.357977
0.673108
0.486171
0.081176
0.327885
0.276330
0.756529
0.269978
0.986029
0.983110
0.362798
0.990056
0.079722
0.172080
0.887918
0.272328
0.698716
0.218897
0.709405
0.378323
0.735695
0.727278
0.352006
0.227709
0.177709
0.965643
0.956270
0.123230
0.863753
0.261769
0.595569
0.221730
0.934877
0.081740
0.302906
0.262762
0.358070
0.059435
0.532739
0.344099
0.042546
0.895538
0.334155
0.122267
0.067618
0.222073
0.394595
0.766333
0.440970
0.104000
0.144657
0.176665
0.831278
0.496663
0.404374
0.008987
0.462306
0.360645
0.132217
0.326059
0.622413
0.727787
0.547789
0.557290
0.809527
0.850695
0.820052
0.167598
0.910131
0.352791
0.511697
0.952676
0.248329
0.845851
0.074943
0.315947
0.067924
0.469539
0.082280
0.508894
0.573538
0.226937
0.685559
0.404817
0.723600
0.089934
0.413804
0.185906
0.450578
0.546021
0.511965
0.072992
0.273808
0.059754
0.630282
0.083336
0.910449
0.450334
0.250933
0.820580
0.803125
0.762630
0.773256
0.051454
0.608481
0.848199
0.367401
0.676406
0.317738
0.449681
0.185300
0.891276
0.676618
0.870860
0.296093
0.400218
0.960794
0.709897
0.586124
0.411372
0.255918
0.098089
0.484364
0.529727
0.157842
0.114646
0.613062
0.068291
0.564980
0.863996
0.888871
0.368105
0.626626
0.662127
0.419559
0.235107
0.510326
0.786960
0.911513
0.828064
0.236642
0.096813
0.719340
0.913260
0.967673
0.015433
0.313479
0.928467
0.725330
0.899603
0.339839
0.981248
0.997692
0.824202
0.510975
0.155534
0.938848
0.124037
0.223826
0.503828
0.988033
0.112697
0.871933
0.614659
0.774823
0.291492
0.849765
0.285149
0.078453
0.761278
0.113213
0.315095
0.858092
0.832553
0.228355
0.825765
0.847986
0.541834
0.754231
0.573316
0.441437
0.094070
0.554565
0.439129
0.918272
0.065540
0.594663
0.857120
0.189577
0.818489
0.360948
0.177610
0.931185
0.232881
0.792269
0.706008
0.524373
0.642034
0.991158
0.602826
0.403313
0.104371
0.917921
0.261404
0.936924
0.146276
0.087169
0.784910
0.688110
0.841400
0.358227
0.129547
0.935470
0.912792
0.568675
0.853742
0.978332
0.163338
0.710862
0.167909
0.981827
0.071810
0.345519
0.913012
0.304691
0.137788
0.619020
0.829064
0.779823
0.610178
0.431890
0.183135
0.714549
0.349811
0.444540
0.651473
0.496087
0.531709
0.436383
0.184197
0.373109
0.794610
0.313744
0.308579
0.707401
0.882419
0.162321
0.685733
0.045757
0.873184
0.853642
0.027583
0.944994
0.199161
0.940595
0.249684
0.336950
0.559615
0.078749
0.116772
0.169793
0.510639
0.299908
0.884341
0.860450
0.744448
0.535814
0.356538
0.276157
0.972197
0.540735
0.649266
0.766806
0.854479
0.957845
0.474208
0.736897
0.120167
0.159941
0.782654
0.993350
0.013583
0.810237
0.938344
0.212744
0.750832
0.188028
0.549694
0.310447
0.266777
0.666466
0.480239
0.777416
0.966374
0.364581
0.637867
0.710822
0.900394
0.994404
0.986979
0.872591
0.535139
0.636245
0.639397
0.389618
0.594090
0.113605
0.126515
0.714257
0.273545
0.909169
0.707607
0.287128
0.719406
0.645951
0.499872
0.470238
0.833980
0.049566
0.780685
0.100757
0.716032
0.260924
0.878173
0.682407
0.625505
0.516040
0.393229
0.525899
0.510444
0.380208
0.398490
0.045583
0.016453
0.037887
0.435201
0.610543
0.151492
0.561716
0.324800
0.425037
0.470885
0.032408
0.712165
0.190292
0.678359
0.212038
0.660530
0.512339
0.261604
0.441214
0.613096
0.977636
0.702139
0.491268
0.660043
0.327644
0.007308
0.053271
0.853543
0.517752
0.433479
0.252033
0.563335
0.449932
0.289920
0.998537
0.060475
0.441412
0.560253
0.385276
0.866450
0.031138
0.417684
0.578615
0.221430
0.096043
0.790653
0.881959
0.608381
0.052256
0.323174
0.221477
0.029892
0.025313
0.712745
0.689935
0.352957
0.720053
0.743206
0.206500
0.237805
0.176686
0.458533
0.801141
0.626618
0.748453
0.799677
0.687093
0.189866
0.359930
0.072369
0.056316
0.391068
0.490052
0.634931
0.612498
0.586095
0.425583
0.494457
0.194476
0.477840
0.817631
0.415953
0.507732
0.842944
0.128699
0.197667
0.195900
0.848752
0.940873
0.402400
0.086557
0.117559
0.860933
0.887698
0.744177
0.609386
0.687375
0.431270
0.799252
0.047304
0.503639
0.855567
0.438372
0.993691
0.490498
0.050870
0.579786
0.916081
0.545328
0.774263
0.393921
0.362959
0.190216
0.901653
0.205902
0.318914
0.099320
0.401803
0.167666
0.040194
0.804203
0.254223
0.157752
0.665135
0.141921
0.901929
0.274521
0.829295
0.333199
0.073773
0.876600
0.836838
0.929340
0.314972
0.830529
0.419838
0.365843
0.410315
0.335920
0.911170
0.184578
0.729841
0.274129
0.374794
0.631494
0.480031
0.693709
0.730814
0.881834
0.861375
0.771008
0.686036
0.115598
0.928760
0.351172
0.257519
0.830689
0.625693
0.086814
0.163888
0.699466
0.963414
0.000726
0.628806
0.278386
0.831255
0.048644
0.644229
0.241571
0.384564
0.555399
0.426149
0.114405
0.829528
0.800943
0.745899
0.309559
0.494652
0.476713
0.191393
0.356027
0.247721
0.877429
0.471625
0.176481
0.228600
0.729144
0.007170
0.854293
0.815958
0.171059
0.553759
0.779372
0.171785
0.182565
0.057759
0.003040
0.231210
0.701988
0.244611
0.615773
0.257387
0.670760
0.730178
0.086915
0.471703
0.476076
0.396474
0.966355
0.952789
0.587866
0.322381
0.200510
0.465295
0.794006
0.376991
0.693896
0.523150
0.384161
0.548189
0.339108
0.555220
0.101948
0.118481
0.727005
0.284513
0.176240
0.730045
0.515723
0.878227
0.974656
0.131496
0.135614
0.645415
0.861674
0.222529
0.117118
0.337751
0.619003
0.083473
0.290540
0.206869
0.405854
0.491050
0.672164
0.199860
0.868041
0.366060
0.723010
0.252202
0.914249
0.062118
0.807422
0.016197
0.180599
0.534427
0.300710
0.356839
0.264471
0.816433
0.235066
0.239127
0.947929
0.370680
0.884542
0.809603
0.593209
0.001660
0.147354
0.212212
0.085133
0.437894
0.419081
0.490986
0.928944
0.091245
0.690846
0.796985
0.457304
0.413856
0.049187
0.371553
0.475975
0.856609
0.387749
0.656574
0.391035
0.688459
0.013412
0.655507
0.504893
0.248478
0.894634
0.452822
0.619158
0.779176
0.262425
0.212367
0.780836
0.409779
0.424579
0.865968
0.847673
0.843660
0.356955
0.776617
0.934904
0.047801
0.573602
0.392208
0.461657
0.622788
0.763761
0.937632
0.479397
0.151510
0.594206
0.870432
0.839970
0.607618
0.525939
0.344862
0.856096
0.420573
0.797684
0.475254
0.199748
0.060110
0.687621
0.980584
0.469889
0.112200
0.846552
0.317563
0.955859
0.203507
0.094180
0.890764
0.251308
0.667781
0.282972
0.712966
0.290570
0.046733
0.650598
0.769967
0.198243
0.244803
0.640400
0.038213
0.852421
0.166339
0.383075
0.708517
0.586911
0.180760
0.183770
0.786660
0.240870
0.871391
0.767243
0.710759
0.983591
0.613796
0.028322
0.939450
0.817303
0.122501
0.830214
0.068611
0.790283
0.113186
0.781576
0.080853
0.159919
0.432174
0.850820
0.358162
0.676977
0.491220
0.396375
0.529398
0.657558
0.779450
0.237914
0.244470
0.960210
0.421685
0.031129
0.201080
0.293076
0.798373
0.911839
0.276667
0.412168
0.940161
0.216117
0.229471
0.062662
0.046331
0.298082
0.852945
0.159517
0.079658
0.933798
0.319436
0.511832
0.784618
0.677598
0.188809
0.275838
0.073973
0.718207
0.933396
0.853424
0.956121
0.177866
0.813634
0.377805
0.208995
0.014714
0.670881
0.007368
0.926553
0.947548
0.419536
0.866714
0.163665
0.649007
0.929376
0.209996
0.947089
0.782321
0.369514
0.026747
0.716119
0.688950
0.538578
0.500737
0.366548
0.727387
0.776575
0.440522
0.445594
0.709971
0.293946
0.401714
0.887836
0.107580
0.779520
0.096831
0.122294
0.450401
0.104198
0.048847
0.397949
0.523734
0.915561
0.561614
0.172741
0.844937
0.771610
0.119830
0.627258
0.141124
0.146577
0.343377
0.830074
0.685155
0.844114
0.196622
0.412542
0.620688
0.637144
0.858136
0.330659
0.931089
0.259850
0.218495
0.038669
0.039370
0.315326
0.160963
0.489771
0.419524
0.209810
0.887720
0.943259
0.125371
0.449334
0.116000
0.970307
0.220944
0.235830
0.597565
0.362068
0.382407
0.940942
0.192141
0.067562
0.785056
0.388763
0.480105
0.405744
0.025907
0.338240
0.736403
0.956996
0.598091
0.954898
0.995665
0.637461
0.270224
0.156628
0.127231
0.689748
0.366438
0.014951
0.633006
0.491808
0.464285
0.749006
0.462116
0.685228
0.984836
0.059681
0.047296
0.367243
0.000622
0.239437
0.434806
0.785678
0.628200
0.914910
0.191422
0.654107
0.253151
0.927825
0.611103
0.851241
0.882722
0.606768
0.488702
0.152946
0.763396
0.615933
0.842694
0.129833
0.630884
0.475700
0.621641
0.095169
0.224706
0.083757
0.780398
0.209542
0.143437
0.827693
0.576786
0.144060
0.067131
0.011591
0.929737
0.695331
0.926502
0.121159
0.349438
0.179652
0.048984
0.960541
0.030894
0.931706
0.567309
0.519595
0.084652
0.330704
0.135529
0.927345
0.460537
0.766413
0.403045
0.082179
0.861582
0.627751
0.165936
0.641980
0.837293
0.309373
0.469673
0.414079
0.453432
0.536804
0.425670
0.383170
0.232135
0.352172
0.504329
0.581572
0.531824
0.553312
0.542113
0.562718
0.485018
0.109422
0.082313
0.569670
0.440127
0.217842
0.497016
0.900664
0.984255
0.900061
0.982843
0.845837
0.527812
0.148778
0.487817
0.365105
0.458151
0.957490
0.779184
0.911583
0.494293
0.204855
0.294753
0.726428
0.557026
0.799082
0.308000
0.088851
0.352395
0.850114
0.651569
0.837413
0.959536
0.733882
0.407083
0.399663
0.951724
0.904099
0.300326
0.935979
0.804160
0.283169
0.781816
0.331972
0.431947
0.269632
0.697077
0.890098
0.227122
0.476262
0.801682
0.721416
0.681116
0.096435
0.447844
0.238143
0.895517
0.755844
0.326993
0.247912
0.605958
0.978562
0.085325
0.565494
0.712444
0.492408
0.965156
0.664167
0.396507
0.265483
0.600146
0.200667
0.548652
0.381962
0.532639
0.980599
0.651594
0.229717
0.870698
0.878716
0.705978
0.672379
0.600132
0.387094
0.768815
0.047976
0.625237
0.664332
0.803820
0.952230
0.912244
0.409777
0.930792
0.997569
0.975271
0.643236
0.489977
0.940427
0.307403
0.886484
0.205910
0.907549
0.087151
0.754562
0.289511
0.619791
0.735161
0.941106
0.849507
0.605858
0.819822
0.555486
0.278238
0.419954
0.942580
0.047052
0.467930
0.567817
0.711384
0.271749
0.520047
0.623628
0.681526
0.450839
0.621197
0.656797
0.094075
0.111174
0.597224
0.401478
0.997658
0.803134
0.309028
0.084809
0.557696
0.598539
0.704600
0.292856
0.539645
0.554107
0.898715
0.359467
0.109593
0.176953
0.779421
0.052173
0.224005
0.247351
0.619990
0.935389
0.519100
0.140037
0.559017
0.200626
0.590876
0.180214
0.857424
0.684951
0.291388
0.454648
0.086430
0.289046
0.257782
0.395457
0.373855
0.815478
0.993996
0.078455
0.108334
0.533641
0.632562
0.007049
0.893108
0.742155
0.184001
0.672529
0.794328
0.408006
0.919879
0.414318
0.343395
0.438979
0.554355
0.902412
0.639606
0.145231
0.082626
0.497029
0.830182
0.374014
0.951677
0.916612
0.663059
0.209459
0.312069
0.036914
0.024937
0.306065
0.115369
0.133271
0.839706
0.747931
0.140319
0.732814
0.490087
0.324321
0.405343
0.284415
0.732327
0.325222
0.698732
0.075722
0.764202
0.253087
0.978135
0.403807
0.398318
0.060761
0.900836
0.228500
0.434775
0.852513
0.145111
0.097834
0.061972
0.457180
0.134748
0.086909
0.763246
0.250117
0.220179
0.602952
0.998049
0.360499
0.335766
0.488135
0.684820
0.741109
0.772550
0.417146
0.066332
0.471282
0.492869
0.830533
0.724370
0.471003
0.234340
0.122688
0.531764
0.135177
0.351187
0.966538
0.987690
0.496299
0.064372
0.049662
0.953479
0.199120
0.136571
0.716725
0.449238
0.356750
0.319677
0.447286
0.717249
0.655443
0.935422
0.402069
0.396552
0.707972
0.819215
0.462884
0.179254
0.312084
0.293417
0.903624
0.783087
0.527758
0.026311
0.314851
0.662934
0.377499
0.281390
0.650624
0.873798
0.345762
0.700287
0.827277
0.544882
0.836857
0.544002
0.994120
0.193608
0.863679
0.441406
0.910857
0.519122
0.376828
0.312926
0.915675
0.084800
0.132141
0.378559
0.264054
0.444225
0.671976
0.167678
0.227312
0.199734
0.193990
0.542163
0.862668
0.571488
0.823553
0.513293
0.445286
0.169315
0.213579
0.272563
0.714197
0.050437
0.816566
0.708317
0.244045
0.680244
0.149724
0.154902
0.199367
0.526552
0.467828
0.115041
0.611352
0.599969
0.493600
0.875406
0.044194
0.165576
0.043084
0.271506
0.365310
0.237074
0.813670
0.227979
0.808562
0.637222
0.741272
0.253849
0.806537
0.954851
0.526412
0.520735
0.005288
0.342978
0.229052
0.249332
0.023222
0.378776
0.404234
0.222589
0.905328
0.872062
0.337630
0.516680
0.472031
0.831230
0.392086
0.516224
0.996806
0.435170
0.787731
0.362117
0.672244
0.601400
0.590095
0.480807
0.238623
0.331367
0.734655
0.045160
0.286218
0.261067
0.565895
0.291505
0.604045
0.794946
0.540838
0.627267
0.173722
0.945072
0.849856
0.079050
0.817134
0.187486
0.595729
0.289164
0.018716
0.987815
0.805389
0.015522
0.422986
0.593119
0.377639
0.095230
0.194519
0.967734
0.576037
0.433142
0.299101
0.310692
0.478302
0.585318
0.571759
0.044197
0.876824
0.175804
0.839143
0.417661
0.803071
0.012865
0.362733
0.652927
0.091915
0.179866
0.840413
0.687644
0.469031
0.859129
0.675460
0.274419
0.874651
0.098445
0.867538
0.252289
0.193675
0.062058
0.220023
0.769711
0.495200
0.519124
0.080403
0.973502
0.104442
0.652162
0.017699
0.981266
0.827967
0.856842
0.398927
0.631038
0.869707
0.761660
0.283965
0.961622
0.941526
0.124377
0.649266
0.410557
0.983506
0.324726
0.684976
0.858157
0.423171
0.552514
0.110446
0.616846
0.614572
0.330469
0.386557
0.109772
0.849593
0.466961
0.083274
0.954035
0.119123
0.100973
0.935301
0.947089
0.957815
0.334228
0.578127
0.827522
0.095888
0.862092
0.789144
0.037414
0.986469
0.438410
0.447971
0.969975
0.763136
0.132947
0.828132
0.186307
0.685462
0.938577
0.803153
0.300034
0.269046
0.189711
0.409806
0.118639
0.656671
0.493080
0.072675
0.775794
0.594052
0.007976
0.722884
0.551867
0.342203
0.301011
0.379389
0.438091
0.163103
0.168533
0.475506
0.149572
0.606943
0.923477
0.119547
0.370080
0.056424
0.947679
0.556387
0.741886
0.886256
0.359540
0.041920
0.155303
0.549251
0.451726
0.273942
0.205922
0.944806
0.346617
0.981717
0.538858
0.354592
0.704600
0.090725
0.696796
0.005611
0.470114
0.134887
0.168714
0.638647
0.610393
0.318286
0.245590
0.533869
0.437833
0.615669
0.590294
0.385512
0.172056
0.332180
0.271768
0.531597
0.374099
0.427070
0.080848
0.825825
0.701012
0.286770
0.770631
0.047629
0.268487
0.309489
0.402221
0.973087
0.400214
0.099017
0.978698
0.870328
0.233904
0.147412
0.508975
0.844296
0.465698
0.754564
0.378166
0.903530
0.370233
0.968460
0.289042
0.542290
0.300639
0.560810
0.073886
0.674739
0.987880
0.154734
0.500564
0.688893
0.441505
0.271195
0.736522
0.709991
0.580684
0.138743
0.683078
0.980898
0.237760
0.661776
0.851226
0.471664
0.809188
0.360200
0.315960
0.274886
0.114764
0.694126
0.178416
0.484998
0.662586
0.467458
0.027287
0.963225
0.028268
0.101174
0.637964
0.016148
0.255908
0.138527
0.705041
0.697413
0.409722
0.441562
0.407404
0.990406
0.580305
0.090482
0.971303
0.818065
0.752259
0.822529
0.289729
0.561447
0.182729
0.605690
0.836333
0.297493
0.299816
0.014749
0.782491
0.962402
0.482207
0.809778
0.925627
0.510475
0.910952
0.563590
0.526623
0.166860
0.702118
0.231663
0.864273
0.111840
0.673225
0.271677
0.102245
0.253531
0.362159
0.073549
0.071596
0.114418
0.896077
0.361325
0.675865
0.078806
0.967015
0.512197
0.376299
0.266831
0.526946
0.158790
0.229233
0.009153
0.968568
0.154860
0.519627
0.879520
0.718450
0.046250
0.046380
0.420568
0.277913
0.910653
0.532408
0.951138
0.182329
0.634653
0.204669
0.544489
0.708201
0.276265
0.658906
0.604279
0.637590
0.334771
0.683085
0.604606
0.846969
0.059384
0.871437
0.373914
0.218174
0.100670
0.383067
0.186741
0.255530
0.902694
0.066261
0.973980
0.948944
0.112641
0.394548
0.226857
0.023294
0.926955
0.177995
0.205623
0.561608
0.382664
0.750112
0.269809
0.658928
0.409018
0.874088
0.296519
0.743789
0.557173
0.901125
0.590758
0.616557
0.772561
0.964672
0.834731
0.873231
0.347739
0.021472
0.128761
0.250433
0.087733
0.102741
0.199377
0.200374
0.497289
0.426234
0.223668
0.424244
0.604229
0.429291
0.985852
0.986892
0.179402
0.255661
0.645821
0.588420
0.129750
0.942340
0.332210
0.686923
0.843464
0.922967
0.303480
0.616026
0.887640
0.138210
0.489257
0.235379
0.159682
0.618018
0.485812
0.247416
0.720759
0.685190
0.447790
0.218048
0.111424
0.671457
0.642292
0.715653
0.100748
0.628144
0.702545
0.280150
0.883805
0.348366
0.868570
0.013554
0.290706
0.200780
0.700477
0.134170
0.123747
0.003957
0.750196
0.011387
0.142167
0.239453
0.246766
0.301849
0.857471
0.732578
0.549265
0.578231
0.417767
0.997055
0.796279
0.529191
0.668512
0.438571
0.244844
0.769260
0.066714
0.947389
0.049410
0.950519
0.295755
0.917981
0.964074
0.586461
0.118761
0.664551
0.720631
0.242508
0.668507
0.470827
0.253895
0.810674
0.710280
0.500660
0.112524
0.567752
0.233238
0.661789
0.145983
0.651006
0.658843
0.942261
0.180197
0.327356
0.380832
0.425041
0.096616
0.447546
0.372430
0.146026
0.398066
0.668185
0.064007
0.362139
0.254645
0.182768
0.026690
0.975276
0.425276
0.695197
0.446103
0.679170
0.505871
0.156384
0.179831
0.618395
0.724135
0.413069
0.280184
0.870118
0.064074
0.939027
0.812379
0.244271
0.266383
0.193211
0.669312
0.362999
0.640758
0.041741
0.509025
0.038823
0.709926
0.573031
0.400963
0.964571
0.755799
0.427652
0.939848
0.181075
0.122849
0.385951
0.860245
0.628721
0.542334
0.040076
0.247116
0.266470
0.453144
0.527300
0.136587
0.517219
0.466327
0.948966
0.761490
0.732710
0.142178
0.430802
0.095708
0.782935
0.472543
0.604733
0.821759
0.182469
0.177764
0.222721
0.147040
0.933563
0.650373
0.086887
0.114638
0.773223
0.472838
0.974883
0.401943
0.015173
0.014959
0.649059
0.281642
0.468103
0.176359
0.418229
0.985322
0.642685
0.367196
0.746812
0.375395
0.509373
0.177614
0.471103
0.292309
0.650157
0.075836
0.114067
0.832625
0.253600
0.336788
0.979665
0.187163
0.987162
0.066553
0.301801
0.760384
0.539391
0.276684
0.162328
0.554564
0.291643
0.811387
0.836206
0.759746
0.987745
0.254436
0.745069
0.630431
0.621631
0.491880
0.005826
0.131005
0.669494
0.476929
0.423313
0.319651
0.552764
0.537380
0.152276
0.806364
0.874169
0.131941
0.993527
0.861330
0.198494
0.295329
0.621715
0.737885
0.572013
0.784042
0.292449
0.863656
0.595429
0.128655
0.623403
0.583175
0.383091
0.368471
0.213605
0.004722
0.860352
0.219431
0.135727
0.529846
0.696360
0.559040
0.849497
0.249124
0.096421
0.001773
0.055488
0.970589
0.133714
0.049016
0.831920
0.332208
0.344344
0.453635
0.070093
0.916357
0.237677
0.362542
0.780014
0.833106
0.491198
0.403416
0.416281
0.874288
0.771888
0.629886
0.879011
0.632239
0.849317
0.014737
0.162085
0.545677
0.573778
0.011582
0.794801
0.670198
0.013354
0.850289
0.640788
0.147068
0.899304
0.472708
0.479276
0.243649
0.926342
0.549369
0.160006
0.164019
0.911912
0.940020
0.997126
0.403109
0.343436
0.413406
0.277398
0.115324
0.043293
0.156408
0.747563
0.892610
0.171146
0.909648
0.438286
0.744923
0.921230
0.233087
0.415122
0.934584
0.083376
0.055910
0.081652
0.982680
0.528617
0.560928
0.226328
0.454960
0.110297
0.386335
0.618979
0.022209
0.326355
0.616104
0.425319
0.669791
0.029511
0.702716
0.785115
0.072803
0.859125
0.532678
0.965413
0.030271
0.442326
0.403699
0.775194
0.363556
0.636786
0.190316
0.298139
0.720162
0.246225
0.379791
0.702842
0.774842
0.940719
0.929170
0.229802
0.051016
0.315505
0.848781
0.073226
0.641859
0.464885
0.498544
0.311650
0.494396
0.201261
0.096765
0.567200
0.060386
0.629443
0.532613
0.090656
0.071769
0.936312
0.865850
0.435324
0.573099
0.056166
0.733463
0.293260
0.302391
0.113255
0.996102
0.077233
0.053974
0.925272
0.307035
0.104990
0.240777
0.155816
0.178216
0.882637
0.620702
0.676760
0.194287
0.115098
0.878021
0.291052
0.682297
0.938407
0.920495
0.214910
0.029063
0.992263
0.151223
0.894913
0.427588
0.724321
0.951079
0.161051
0.017582
0.253470
0.274306
0.013684
0.330703
0.328279
0.938956
0.637739
0.433269
0.179733
0.793555
0.611485
0.062370
0.414257
0.288245
0.256657
0.529354
0.166267
0.547709
0.211652
0.104673
0.468204
0.426562
0.133736
0.460467
0.577785
0.028649
0.888055
0.302106
0.979728
0.049106
0.319687
0.233198
0.323411
0.333371
0.563901
0.651691
0.272327
0.201640
0.084960
0.452061
0.995195
0.696445
0.514431
0.409451
0.984691
0.771088
0.938806
0.150957
0.318797
0.150458
0.255631
0.787001
0.577020
0.389367
0.247469
0.154805
0.418017
0.135524
0.456910
0.397745
0.184629
0.776598
0.630943
0.508041
0.109969
0.194844
0.159732
0.382297
0.396484
0.244692
0.834358
0.391679
0.941137
0.348789
0.801130
0.925828
0.119877
0.739936
0.076785
0.438675
0.890393
0.332416
0.225676
0.467413
0.721783
0.473145
0.622218
0.139800
0.608668
0.079128
0.537545
0.793298
0.855726
0.168487
0.301339
0.965695
0.363332
0.461070
0.347991
0.759815
0.705762
0.182349
0.151494
0.646899
0.531138
0.952624
0.572727
0.651015
0.692560
0.649512
0.089689
0.582953
0.981928
0.315365
0.050367
0.703711
0.788510
0.672584
0.843511
0.397178
0.751712
0.381055
0.190476
0.607438
0.549543
0.491814
0.573133
0.912874
0.952884
0.921125
0.672690
0.658646
0.103474
0.824184
0.305545
0.634611
0.776808
0.878272
0.285626
0.469368
0.527784
0.375315
0.052321
0.509711
0.690681
0.102688
0.213422
0.479190
0.775272
0.056933
0.876368
0.526984
0.437988
0.066844
0.134422
0.987530
0.558658
0.707556
0.900405
0.511543
0.628680
0.573094
0.170189
0.732154
0.397278
0.475734
0.366765
0.174086
0.354006
0.652391
0.643454
0.881789
0.027707
0.695775
0.391501
0.718387
0.798462
0.604923
0.197578
0.573734
0.661855
0.073946
0.100718
0.099843
0.140790
0.235141
0.087374
0.699449
0.942696
0.987778
0.210991
0.571376
0.560873
0.381180
0.303530
0.958151
0.856914
0.670295
0.132237
0.210920
0.322686
0.775690
0.092710
0.350393
0.471465
0.484210
0.068780
0.269927
0.089133
0.266358
0.843661
0.750989
0.340304
0.944379
0.850832
0.481094
0.179519
0.938206
0.180543
0.122216
0.925984
0.391534
0.693592
0.486857
0.772714
0.997122
0.445008
0.629629
0.667417
0.577244
0.840549
0.990104
0.352935
0.933259
0.340497
0.824399
0.417469
0.409277
0.094326
0.506602
0.675635
0.937987
0.257591
0.015938
0.882366
0.108423
0.497032
0.061885
0.046629
0.677575
0.184101
0.972614
0.069109
0.877693
0.459471
0.841823
0.874815
0.904478
0.471451
0.542232
0.481723
0.312000
0.532336
0.834657
0.245259
0.872833
0.659057
0.662728
0.282109
0.753383
0.169330
0.957744
0.691370
0.426921
0.973682
0.573735
0.535345
0.470715
0.635621
0.581974
0.148290
0.819722
0.554587
0.217398
0.697414
0.014058
0.059221
0.572229
0.918536
0.530672
0.114461
0.400259
0.842673
0.646797
0.234916
0.087931
0.519629
0.893973
0.750659
0.801739
0.647356
0.919989
0.759483
0.338725
0.346911
0.733165
0.912461
0.882255
0.203880
0.548081
0.464229
0.352169
0.367803
0.018817
0.569568
0.065217
0.032875
0.628789
0.637446
0.951411
0.159461
0.751907
0.351671
0.002134
0.398704
0.586587
0.090065
0.918333
0.480560
0.840724
0.720072
0.127916
0.760714
0.479555
0.466641
0.107625
0.212720
0.379102
0.989880
0.416600
0.927183
0.454109
0.768769
0.294986
0.472926
0.338337
0.360203
0.505801
0.967126
0.997649
0.457213
0.126587
0.749556
0.808883
0.128721
0.148260
0.395470
0.218786
0.066593
0.876030
0.059510
0.786665
0.003946
0.820224
0.266220
0.470587
0.927849
0.478940
0.849689
0.917729
0.895539
0.776872
0.371838
0.664309
0.071857
0.844764
0.002645
0.432060
0.350566
0.969771
0.429709
0.807778
0.096358
0.179265
0.616661
0.225079
0.327525
0.012131
0.443865
0.394118
0.888162
0.503375
0.180783
0.892108
0.323600
0.447003
0.362694
0.251448
0.925942
0.212383
0.169177
0.821482
0.989254
0.541015
0.485790
0.061112
0.385779
0.488436
0.493172
0.736345
0.458207
0.922881
0.544123
0.554565
0.102147
0.160784
0.779644
0.429672
0.172916
0.223509
0.823790
0.061078
0.726885
0.004573
0.953185
0.050484
0.451576
0.315879
0.301932
0.377518
0.528262
0.471109
0.199000
0.517517
0.012124
0.684791
0.578629
0.397904
0.173226
0.071801
0.134249
0.631433
0.994682
0.678372
0.185999
0.096829
0.839157
0.965643
0.526501
0.012072
0.189152
0.350291
0.073150
0.916037
0.354864
0.026335
0.966521
0.806440
0.342214
0.268454
0.183958
0.870477
0.739563
0.382958
0.387994
0.751688
0.067749
0.966623
0.149592
0.240975
0.038424
0.283841
0.872409
0.033106
0.962213
0.058407
0.129935
0.801369
0.024050
0.656435
0.813442
0.213203
0.006726
0.886592
0.129240
0.361590
0.912927
0.095761
0.168029
0.255141
0.364215
0.351987
0.125618
0.103778
0.734945
0.513612
0.855466
0.802694
0.480235
0.005058
0.043669
0.518658
0.288898
0.916078
0.551764
0.251111
0.974485
0.681699
0.052480
0.998535
0.338134
0.865922
0.211738
0.344860
0.752513
0.340978
0.706450
0.665440
0.436739
0.874479
0.920581
0.800954
0.226467
0.046199
0.904733
0.961412
0.559811
0.760199
0.764106
0.040045
0.765256
0.807775
0.558703
0.054154
0.723853
0.110467
0.305265
0.698338
0.792166
0.357745
0.696873
0.130300
0.223666
0.908611
0.475160
0.976179
0.249589
0.181610
0.641619
0.686328
0.056089
0.562200
0.487282
0.282556
0.608399
0.392015
0.243968
0.168209
0.152214
0.008074
0.208255
0.917470
0.815849
0.766958
0.971624
0.539702
0.877425
0.276889
0.238040
0.669591
0.634634
0.934913
0.799891
0.858300
0.843524
0.275052
0.834480
0.093113
0.456662
0.476099
0.779442
0.512751
0.038299
0.266724
0.795307
0.646698
0.658739
0.039275
0.814907
0.810953
0.047349
0.023162
0.728423
0.863198
0.790120
0.700047
0.402900
0.667545
0.976936
0.640941
0.337136
0.611569
0.575854
0.137028
0.469869
0.419378
0.412079
0.304349
0.512492
0.868741
0.780448
0.291933
0.381493
0.818747
0.558657
0.176800
0.465444
0.217396
0.216075
0.280351
0.028349
0.263424
0.303513
0.756772
0.126622
0.093633
0.456818
0.529522
0.761178
0.433754
0.170463
0.098314
0.045323
0.746317
0.235342
0.515193
0.165695
0.647422
0.819542
0.678187
0.516163
0.599989
0.970120
0.897655
0.418736
0.528777
0.074455
0.884180
0.746174
0.290530
0.164531
0.774523
0.553954
0.468044
0.531294
0.680575
0.561677
0.988112
0.210098
0.322855
0.421866
0.380561
0.421170
0.467189
0.126877
0.656512
0.982382
0.292572
0.303933
0.801923
0.970759
0.820096
0.401913
0.940879
0.717752
0.820649
0.469656
0.792207
0.704829
0.215829
0.082737
0.869361
0.990352
0.636690
0.337405
0.521646
0.317266
0.899082
0.509758
0.527363
0.221937
0.931624
0.907924
0.643107
0.398814
0.034801
0.299619
0.381195
0.327373
0.603552
0.183119
0.298132
0.423648
0.585031
0.239011
0.141400
0.405680
0.708666
0.933607
0.110509
0.924496
0.016344
0.979870
0.914847
0.653034
0.317275
0.436493
0.970300
0.216357
0.946252
0.497663
0.438294
0.877876
0.405588
0.081401
0.276690
0.440389
0.381020
0.657885
0.767762
0.984572
0.841003
0.065894
0.408220
0.426035
0.304905
0.549620
0.831715
0.013571
0.483227
0.942225
0.938067
0.499571
0.922095
0.852914
0.152606
0.239369
0.289408
0.122906
0.455726
0.235659
0.620569
0.894021
0.113535
0.026157
0.975421
0.390225
0.466546
0.356441
0.048110
0.234308
0.341013
0.889113
0.300202
0.749233
0.315148
0.605107
0.298853
0.146863
0.618678
0.782080
0.089088
0.556745
0.281652
0.011183
0.409660
0.434258
0.250552
0.699067
0.557163
0.706279
0.934727
0.177733
0.600299
0.048262
0.203890
0.575721
0.438487
0.670435
0.932162
0.486596
0.904743
0.273174
0.375709
0.204945
0.022407
0.690857
0.810052
0.321260
0.837721
0.428731
0.103340
0.926809
0.985476
0.384992
0.937992
0.395136
0.819249
0.188544
0.094203
0.376413
0.894823
0.028929
0.554146
0.495122
0.077191
0.758035
0.070842
0.515678
0.428470
0.003004
0.002274
0.333213
0.276178
0.377984
0.538158
0.298585
0.068841
0.348211
0.619844
0.906562
0.776941
0.723184
0.833371
0.762417
0.108176
0.771363
0.157553
0.927426
0.959906
0.251756
0.303838
0.854729
0.280685
0.857984
0.349851
0.357876
0.616019
0.420693
0.873554
0.044489
0.423697
0.875828
0.377703
0.699875
0.253812
0.915861
0.998459
0.322653
0.264072
0.618304
0.229215
0.041013
0.341488
0.062586
0.803430
0.449664
0.833948
0.960983
0.377090
0.793855
0.212739
0.680928
0.648584
0.493424
0.538912
0.998434
0.851300
0.154931
0.419127
0.724854
0.199421
0.842824
0.600683
0.577123
0.542699
0.854495
0.492984
0.541158
0.177148
0.757056
0.159462
0.406363
0.798069
0.500950
0.468948
0.601500
0.950614
0.302897
0.562483
0.327704
0.096751
0.775222
0.008632
0.745335
0.268646
0.547544
0.743769
0.119946
0.702475
0.162896
0.844800
0.901896
0.005720
0.445483
0.479019
0.548419
0.299978
0.972003
0.089577
0.477126
0.729059
0.249038
0.883488
0.527128
0.749988
0.352437
0.128628
0.700602
0.655333
0.691111
0.028306
0.752084
0.466332
0.036937
0.497419
0.734978
0.584481
0.241188
0.854924
0.286956
0.404085
0.699725
0.188852
0.409805
0.145208
0.667871
0.958224
0.445186
0.639874
0.047801
0.922312
0.368933
0.296839
0.805800
0.896061
0.046827
0.158236
0.024689
0.747429
0.813570
0.715800
0.775734
0.565654
0.182132
0.812672
0.063073
0.917110
0.397153
0.304262
0.772034
0.684109
0.708346
0.471759
0.872962
0.118151
0.616967
0.540833
0.076375
0.062153
0.180707
0.124176
0.984465
0.549640
0.421015
0.790265
0.445701
0.467842
0.948501
0.470390
0.215271
0.762071
0.186189
0.991005
0.327725
0.368321
0.803677
0.390798
0.285431
0.200830
0.695059
0.057466
0.884939
0.403406
0.529225
0.757901
0.521557
0.146192
0.298733
0.597932
0.208345
0.479440
0.722108
0.192810
0.029079
0.143123
0.983075
0.474780
0.610965
0.931576
0.945170
0.826236
0.693647
0.131359
0.817241
0.021371
0.499680
0.620918
0.412169
0.785112
0.821748
0.107228
0.842577
0.706687
0.510634
0.371802
0.464588
0.032191
0.517994
0.763321
0.630123
0.726339
0.242761
0.352232
0.919149
0.271841
0.495355
0.902224
0.746621
0.106320
0.833799
0.691791
0.932556
0.527446
0.823150
0.749797
0.548817
0.322830
0.370715
0.960986
0.107942
0.192463
0.068215
0.950519
0.899150
0.578848
0.322321
0.363738
0.611039
0.840315
0.127059
0.241163
0.566654
0.369820
0.593394
0.485804
0.641661
0.088749
0.388027
0.388281
0.195069
0.221827
0.080072
0.127625
0.749273
0.903222
0.877422
0.298090
0.226052
0.248138
0.259076
0.333994
0.440601
0.327291
0.284513
0.339751
0.906139
0.606834
0.703488
0.517179
0.447149
0.830547
0.758341
0.013803
0.200367
0.351736
0.499607
0.842028
0.440485
0.887634
0.230309
0.635554
0.109461
0.310381
0.763180
0.858734
0.213603
0.640602
0.156824
0.439655
0.888739
0.415900
0.773649
0.329340
0.743191
0.058161
0.669091
0.649330
0.664995
0.372579
0.166508
0.112144
0.203126
0.924850
0.125948
0.403494
0.276585
0.625555
0.245522
0.717070
0.513189
0.475831
0.352624
0.622650
0.786212
0.115804
0.481384
0.999815
0.756406
0.638207
0.439470
0.645145
0.054107
0.213119
0.974485
0.797298
0.271280
0.643576
0.446628
0.936275
0.016155
0.613136
0.048420
0.219281
0.537986
0.174367
0.622775
0.814571
0.799922
0.868296
0.531641
0.313111
0.344127
0.884265
0.935761
0.130339
0.000069
0.417145
0.130154
0.756475
0.055353
0.569624
0.401620
0.109460
0.782742
0.376105
0.906758
0.054022
0.019681
0.353386
0.990297
0.035836
0.966522
0.038717
0.255117
0.504507
0.213084
0.877891
0.319078
0.013006
0.746188
0.850719
0.326118
0.090315
0.734984
0.261879
0.220654
0.735053
0.679024
0.350807
0.491528
0.734377
0.920431
0.893147
0.843837
0.703173
0.269252
0.750595
0.757195
0.288933
0.103981
0.747492
0.324769
0.070502
0.786209
0.579886
0.575010
0.999293
0.457777
0.894088
0.012300
0.203965
0.744807
0.338418
0.294280
0.479791
0.600297
0.514934
0.214844
0.279321
0.865741
0.706372
0.013698
0.786172
0.599519
0.857535
0.489345
0.868771
0.608129
0.246540
0.157705
0.712110
0.994032
0.482474
0.782612
0.780242
0.062359
0.357622
0.779535
0.520137
0.251710
0.791835
0.724102
0.996517
0.130253
0.018381
0.476308
0.730549
0.533315
0.691152
0.009870
0.399056
0.397524
0.023568
0.185228
0.997043
0.881102
0.674572
0.865814
0.489232
0.921112
0.023519
0.201341
0.915145
0.505993
0.983954
0.695386
0.568352
0.341576
0.474921
0.088489
0.593286
0.266756
0.812590
0.589803
0.397009
0.830972
0.066111
0.127558
0.364287
0.757263
0.137428
0.763342
0.154787
0.160996
0.948570
0.151829
0.042098
0.623142
0.017644
0.531330
0.544255
0.041163
0.732671
0.459399
0.547155
0.716625
0.154786
0.115507
0.058200
0.629707
0.203996
0.651486
0.896464
0.016586
0.241289
0.293472
0.847558
0.307399
0.421031
0.211845
0.064662
0.558459
0.975187
0.219449
0.719455
0.923757
0.371278
0.761553
0.546899
0.388922
0.292882
0.091154
0.430085
0.025553
0.550553
0.977240
0.742178
0.705339
0.092747
0.800378
0.335046
0.296743
0.451864
0.231510
0.313330
0.693152
0.524982
0.160888
0.000552
0.946013
0.372732
0.065214
0.504471
0.347919
0.284663
0.223926
0.271676
0.655941
0.985479
0.818575
0.044863
0.278361
0.909729
0.474947
0.303914
0.460282
0.452187
0.046092
0.165621
0.544934
0.846470
0.500667
0.841678
0.298334
0.732177
0.155007
0.991486
0.257159
0.315895
0.992038
0.203172
0.688627
0.057252
0.707644
0.036546
0.341914
0.931570
0.308221
0.997855
0.917048
0.126796
0.042718
0.195409
0.036525
0.517665
0.499323
0.496807
0.969852
0.545415
0.662429
0.514786
0.391884
0.163096
0.356464
0.690218
0.895273
0.511471
0.681704
0.152433
0.827366
0.673742
0.355605
0.515992
0.730993
0.063248
0.552538
0.072907
0.994818
0.860760
0.070762
0.911866
0.987556
0.113480
0.107275
0.024081
0.631144
0.606597
0.520889
0.600996
0.152012
0.183317
0.115782
0.543896
0.346413
0.472246
0.234114
0.241687
0.983717
0.915818
0.394119
0.811082
0.589560
0.749724
0.327074
0.320553
0.812972
0.879613
0.393461
0.807790
0.740372
0.464223
0.719656
0.727928
0.577703
0.826930
0.752009
0.208847
0.433528
0.272898
0.809843
0.585540
0.456215
0.925626
0.129436
0.802628
0.397871
0.363550
0.044315
0.381588
0.279369
0.438434
0.192670
0.868929
0.188158
0.519745
0.189482
0.001130
0.399357
0.582943
0.808920
0.139729
0.047166
0.528576
0.867657
0.624869
0.355506
0.619667
0.833716
0.789034
0.892564
0.643559
0.374574
0.348779
0.569185
0.504010
0.151408
0.967056
0.867560
0.195723
0.348644
0.146929
0.634157
0.541314
0.015858
0.822315
0.061059
0.205340
0.823445
0.460416
0.788284
0.632365
0.600146
0.835450
0.160941
0.467803
0.460318
0.516447
0.087470
0.294034
0.305481
0.980035
0.937593
0.680054
0.328814
0.506778
0.184064
0.480222
0.473834
0.051625
0.675944
0.822478
0.198554
0.310101
0.363793
0.214412
0.132416
0.424852
0.419752
0.955861
0.885268
0.208036
0.588226
0.485414
0.043486
0.749167
0.953218
0.503804
0.265613
0.040688
0.797838
0.571094
0.020722
0.735431
0.251148
0.349536
0.242209
0.435212
0.829758
0.716043
0.486837
0.505702
0.538521
0.685391
0.815804
0.902314
0.899803
0.948220
0.327166
0.319555
0.904081
0.212435
0.527591
0.492306
0.697849
0.571077
0.241473
0.651066
0.074881
0.507086
0.691754
0.872719
0.078180
0.712476
0.608150
0.329328
0.062012
0.850358
0.764541
0.891770
0.566401
0.251378
0.397473
0.104922
0.936769
0.213276
0.007237
0.836572
0.161496
0.334403
0.156127
0.065576
0.546837
0.683719
0.557883
0.244686
0.254796
0.799356
0.895753
0.329676
0.306442
0.587507
0.202395
0.384622
0.299983
0.810545
0.713950
0.361995
0.660903
0.478491
0.253765
0.227304
0.729869
0.651238
0.332227
0.666637
0.864514
0.339463
0.503209
0.026010
0.673866
0.659336
0.091586
0.220703
0.343055
0.649469
0.465389
0.597851
0.448825
0.361142
0.927527
0.755267
0.948648
0.129922
0.139889
0.248631
0.940467
0.853839
0.610626
0.601370
0.332330
0.864392
0.828674
0.062199
0.515630
0.160900
0.728836
0.380144
0.500363
0.232045
0.406154
0.174229
0.891382
0.497740
0.394932
0.234437
0.147209
0.860321
0.832287
0.596033
0.221463
0.759814
0.351300
0.170111
0.889736
0.491189
0.418742
0.830203
0.345028
0.029369
0.431572
0.677358
0.893760
0.260246
0.739557
0.409390
0.421146
0.468393
0.789534
0.921510
0.700439
0.195688
0.095739
0.591821
0.693428
0.490671
0.826257
0.840637
0.350992
0.658544
0.436670
0.572454
0.418358
0.787970
0.742565
0.308094
0.279159
0.161307
0.138297
0.624187
0.190676
0.569870
0.301545
0.084436
0.830116
0.041102
0.493826
0.251262
0.509496
0.283361
0.172772
0.209935
0.479048
0.268511
0.801755
0.172476
0.759181
0.628012
0.013113
0.110173
0.286557
0.449783
0.682627
0.704915
0.237753
0.425192
0.013009
0.516912
0.586500
0.151307
0.141098
0.777175
0.721176
0.442643
0.861611
0.551292
0.483746
0.355438
0.802554
0.993241
0.638798
0.975326
0.203176
0.117847
0.243837
0.004931
0.290323
0.003019
0.632943
0.303436
0.113192
0.919500
0.753218
0.795819
0.624415
0.990971
0.221012
0.637424
0.507883
0.807511
0.788731
0.648981
0.584686
0.509907
0.091624
0.446298
0.061199
0.575370
0.801735
0.863753
0.568611
0.440533
0.839080
0.771787
0.558380
0.082917
0.776718
0.848703
0.085935
0.409661
0.152139
0.199127
0.329161
0.905357
0.994946
0.953576
0.896328
0.215958
0.591000
0.404211
0.023469
0.379730
0.053192
0.608155
0.889637
0.144817
0.054453
0.950836
0.720187
0.856188
0.814589
0.288798
0.296722
0.653669
0.060585
0.855102
0.736586
0.837303
0.703805
0.822522
0.246964
0.855944
0.021649
0.576125
0.761301
0.016595
0.529701
0.657629
0.232553
0.120701
0.061840
0.256022
0.500431
0.115033
0.864177
0.390068
0.259849
0.918630
0.340904
0.980036
0.774818
0.155494
0.268834
0.071540
0.809163
0.329419
0.926642
0.545749
0.166722
0.630447
0.368271
0.413686
0.486391
0.389919
0.989811
0.247692
0.406514
0.519512
0.905321
0.639067
0.640213
0.967161
0.895089
0.140644
0.082194
0.759266
0.530713
0.342043
0.677896
0.871617
0.322079
0.452715
0.027111
0.590913
0.524255
0.836274
0.920332
0.450897
0.382023
0.087054
0.081345
0.750294
0.500741
0.567735
0.140213
0.490552
0.815427
0.546727
0.010064
0.720748
0.185795
0.650278
0.687909
0.080884
0.790922
0.770103
0.840150
0.321635
0.112146
0.518046
0.193252
0.434225
0.970761
0.220363
0.025139
0.495016
0.056637
0.945471
0.945914
0.438660
0.032525
0.027258
0.188953
0.533266
0.594994
0.329166
0.023818
0.410421
0.875893
0.033882
0.131169
0.061688
0.684160
0.819078
0.142572
0.475082
0.589181
0.982722
0.796716
0.701327
0.500768
0.989968
0.135553
0.471529
0.210331
0.160691
0.966546
0.266968
0.106163
0.912460
0.705627
0.138688
0.939718
0.894580
0.671954
0.534712
0.223747
0.695772
0.945133
0.099640
0.729654
0.076302
0.161328
0.413814
0.895379
0.303900
0.888896
0.484560
0.286621
0.685612
0.185887
0.787389
0.675580
0.321440
0.258919
0.885911
0.482131
0.225465
0.152879
0.588294
0.137925
0.858506
0.726982
0.077643
0.753086
0.398936
0.612355
0.976833
0.094708
0.557488
0.076473
0.824362
0.633790
0.237801
0.238176
0.529169
0.541700
0.127071
0.013730
0.828321
0.812683
0.199617
0.615711
0.488264
0.521057
0.874630
0.374175
0.003189
0.100095
0.527053
0.591483
0.238019
0.385559
0.318465
0.315662
0.138646
0.717400
0.928018
0.115478
0.812108
0.485506
0.191951
0.636470
0.119296
0.429752
0.874646
0.648465
0.971452
0.001717
0.662194
0.799773
0.814400
0.861811
0.415484
0.302664
0.382868
0.290114
0.676839
0.386057
0.390209
0.203892
0.977539
0.628228
0.589451
0.296004
0.943891
0.728097
0.013404
0.871909
0.843575
0.825513
0.357414
0.035526
0.461983
0.476710
0.465278
0.336628
0.125175
0.436730
0.338345
0.787369
0.236503
0.152745
0.649180
0.651987
0.455409
0.032049
0.942102
0.132248
0.418106
0.332311
0.336140
0.395645
0.960539
0.925591
0.691649
0.904430
0.653688
0.705053
0.776339
0.497264
0.530566
0.133753
0.532790
0.992549
0.610463
0.998068
0.329177
0.735638
0.434798
0.667522
0.523007
0.671301
0.820267
0.172187
0.323288
0.275677
0.204236
0.265390
0.407925
0.622341
0.597701
0.744065
0.017987
0.558240
0.669656
0.709636
0.462670
0.323344
0.414689
0.239008
0.820608
0.945255
0.372761
0.353398
0.937804
0.983224
0.351466
0.266980
0.718862
0.786263
0.934502
0.241868
0.457564
0.754770
0.414055
0.780853
0.030446
0.618291
0.046243
0.438371
0.240632
0.643944
0.182436
0.258619
0.202184
0.852092
0.968254
0.664853
0.175437
0.382944
0.903862
0.996044
0.328199
0.276623
0.349442
0.266002
0.259847
0.700908
0.532982
0.978708
0.487171
0.467485
0.220576
0.944736
0.222254
0.634631
0.725589
0.252701
0.252922
0.771832
0.691072
0.493555
0.415775
0.873508
0.752173
0.617959
0.725600
0.720428
0.282812
0.901037
0.103371
0.186674
0.897081
0.431570
0.463296
0.246524
0.697572
0.723143
0.947432
0.230555
0.701851
0.434603
0.698039
0.922427
0.379339
0.920294
0.557059
0.104927
0.172994
0.809981
0.876759
0.864067
0.303535
0.292534
0.737575
0.055709
0.910493
0.463175
0.776137
0.193305
0.364212
0.879508
0.379979
0.261294
0.311078
0.843275
0.507817
0.008650
0.566418
0.455249
0.239204
0.268269
0.889852
0.937244
0.190696
0.269190
0.857537
0.747755
0.374118
0.030532
0.557736
0.250877
0.894598
0.861271
0.543411
0.632173
0.916980
0.453904
0.095348
0.693116
0.647210
0.459560
0.572624
0.027189
0.720854
0.883702
0.870464
0.228671
0.892352
0.436882
0.683920
0.131556
0.705151
0.573772
0.068800
0.895847
0.842962
0.926337
0.643602
0.217080
0.956869
0.201338
0.467957
0.851467
0.062609
0.011368
0.483640
0.979588
0.465273
0.578988
0.672705
0.112482
0.038548
0.245329
0.139671
0.759402
0.129031
0.010135
0.988073
0.021382
0.447017
0.671994
0.152939
0.152168
0.245765
0.221738
0.048016
0.088728
0.148075
0.691618
0.305808
0.104944
0.892956
0.773765
0.956411
0.955564
0.785133
0.440051
0.935153
0.250406
0.019039
0.607857
0.362888
0.057588
0.853186
0.502560
0.816990
0.982216
0.512695
0.805063
0.003598
0.959712
0.477057
0.156537
0.111880
0.722822
0.378275
0.159896
0.811550
0.526351
0.851514
0.117358
0.631295
0.744469
0.891123
0.587706
0.700034
0.676256
0.027757
0.635186
0.926662
0.046796
0.243043
0.289550
0.104384
0.096229
0.792110
0.921374
0.078445
0.304805
0.726437
0.082044
0.264516
0.203494
0.238581
0.376397
0.926317
0.616856
0.536293
0.737867
0.143207
0.387806
0.855224
0.774502
0.132276
0.746347
0.362208
0.832309
0.422603
0.389965
0.467496
0.349265
0.436762
0.710539
0.638816
0.541146
0.806768
0.430925
0.462520
0.885213
0.735730
0.188957
0.967256
0.000246
0.392451
0.205837
0.376643
0.318768
0.822693
0.912936
0.056634
0.965900
0.300742
0.911859
0.740401
0.433018
0.658206
0.102609
0.265327
0.080810
0.492574
0.732823
0.430075
0.929336
0.443362
0.068890
0.470481
0.250129
0.499816
0.933001
0.135342
0.235546
0.121958
0.102598
0.235792
0.514409
0.308435
0.612435
0.833177
0.131128
0.525371
0.889812
0.097028
0.826113
0.801670
0.837429
0.259131
0.459877
0.940038
0.524458
0.540686
0.432613
0.257281
0.970761
0.361948
0.700642
0.039651
0.832430
0.950772
0.539467
0.765431
0.086114
0.775013
0.887389
0.188712
0.010805
0.401798
0.497147
0.623240
0.234976
0.628276
0.148611
0.124787
0.725304
0.974724
0.926458
0.562733
0.233855
0.386334
0.502771
0.758313
0.927020
0.935384
0.015594
0.897781
0.297332
0.716236
0.937433
0.129762
0.667008
0.476900
0.895193
0.753122
0.251913
0.782582
0.941834
0.262718
0.184380
0.438981
0.885958
0.419356
0.067257
0.034569
0.544143
0.792561
0.009293
0.470601
0.355293
0.243148
0.856935
0.858065
0.001461
0.783955
0.793448
0.017055
0.681737
0.090780
0.733291
0.619170
0.220542
0.400300
0.096070
0.115735
0.153421
0.347983
0.898317
0.095255
0.610701
0.082697
0.534237
0.496660
0.502053
0.601494
0.531229
0.046196
0.394054
0.540522
0.516797
0.749348
0.783670
0.373732
0.607412
0.785131
0.157687
0.400860
0.802186
0.839424
0.491640
0.535477
0.458594
0.712182
0.935777
0.554664
0.827917
0.089198
0.902647
0.726233
0.184454
0.513349
0.808930
0.718690
0.010008
0.310983
0.320184
0.541237
0.357179
0.714238
0.081759
0.873976
0.463586
0.865429
0.247707
0.070998
0.650560
0.405394
0.471858
0.452746
0.244819
0.963498
0.988223
0.703413
0.675681
0.924000
0.258077
0.503598
0.013198
0.160724
0.229831
0.197652
0.674072
0.038761
0.916342
0.684080
0.349745
0.236526
0.225317
0.706923
0.950764
0.307076
0.580899
0.414350
0.172505
0.828606
0.485348
0.823065
0.234001
0.957206
0.275810
0.478819
0.920704
0.264034
0.182232
0.596385
0.188034
0.440308
0.099983
0.201232
0.601032
0.329814
0.398884
0.275104
0.368575
0.315227
0.959185
0.718320
0.551753
0.184502
0.425243
0.502517
0.491578
0.006142
0.916867
0.664083
0.834748
0.402215
0.487148
0.068749
0.359421
0.762958
0.547569
0.280125
0.026992
0.729801
0.876510
0.215026
0.170109
0.976492
0.416258
0.771141
0.306306
0.815142
0.046246
0.674881
0.130369
0.005430
0.393201
0.682122
0.189932
0.818444
0.184639
0.681511
0.824586
0.101506
0.345594
0.659334
0.503721
0.832742
0.728084
0.863142
0.595700
0.275652
0.143267
0.622692
0.005453
0.019776
0.837718
0.175562
0.996268
0.253975
0.946703
0.302574
0.069118
0.992949
0.977455
0.199487
0.998379
0.370656
0.881608
0.188311
0.189100
0.066248
0.869822
0.013685
0.167754
0.215416
0.673020
0.671475
0.048157
0.401104
0.534617
0.643857
0.676756
0.677883
0.266549
0.682209
0.697659
0.104267
0.857771
0.693928
0.358242
0.804475
0.996502
0.427360
0.797423
0.973957
0.626846
0.795803
0.344612
0.508455
0.984114
0.533712
0.574702
0.853936
0.547397
0.742456
0.069352
0.220417
0.413931
0.117509
0.621521
0.948548
0.761366
0.298277
0.626431
0.027915
0.980487
0.324091
0.132181
0.838258
0.018018
0.490423
0.642733
0.014520
0.917783
0.440156
0.988477
0.544629
0.235959
0.333089
0.053084
0.220073
0.866801
0.627786
0.074009
0.414198
0.370242
0.143360
0.634616
0.784173
0.260869
0.256137
0.732721
0.022235
0.554414
0.359152
0.050150
0.534901
0.683243
0.182331
0.373159
0.701261
0.672755
0.015891
0.715781
0.590538
0.456047
0.704257
0.135167
0.692006
0.037346
0.188251
0.912078
0.904147
0.816037
0.986087
0.318346
0.186280
0.129447
0.952961
0.970453
0.390316
0.209098
0.703174
0.412551
0.763512
0.062327
0.462701
0.298413
0.745569
0.645032
0.671571
0.446830
0.317787
0.687462
0.162611
0.908325
0.143510
0.866869
0.043492
0.835515
0.904215
0.231743
0.747594
0.808362
0.047780
0.733681
0.126708
0.234060
0.863128
0.079669
0.204513
0.253444
0.288767
0.907687
0.665995
0.052279
0.970014
0.128696
0.350691
0.715583
0.773728
0.022263
0.162413
0.091515
0.709725
0.325025
0.999840
0.853235
0.191893
0.043332
0.688750
0.096108
0.275075
0.436344
0.904471
0.322856
0.170025
0.031178
0.556916
0.033153
0.110847
0.761429
0.286597
0.399614
0.669116
0.952592
0.451893
0.639129
0.081288
0.802584
0.354712
0.855016
0.824847
0.517126
0.946531
0.534572
0.842151
0.946372
0.387807
0.034044
0.989704
0.076557
0.130152
0.264779
0.512900
0.034623
0.587635
0.682925
0.065801
0.144550
0.716078
0.176648
0.905979
0.002674
0.576262
0.575095
0.955266
0.028155
0.214224
0.036554
0.830740
0.568937
0.891570
0.655587
0.086063
0.838102
0.190159
0.928213
0.784473
0.577966
0.962257
0.774177
0.654522
0.092410
0.038956
0.167422
0.127033
0.626591
0.850347
0.192834
0.771141
0.566425
0.369482
0.677121
0.569099
0.945745
0.252215
0.524366
0.973900
0.466440
0.560920
0.804640
0.035377
0.452490
0.460227
0.121439
0.290592
0.650386
0.049653
0.075065
0.228352
0.011910
0.849242
0.882874
0.104320
0.888198
0.050296
0.231352
0.514789
0.900644
0.424186
0.285931
0.467069
0.793668
0.963051
0.036168
0.739413
0.215267
0.560534
0.713313
0.681706
0.121453
0.517953
0.717083
0.573944
0.978179
0.838523
0.864535
0.628565
0.888175
0.939601
0.856917
0.900086
0.788843
0.739791
0.004405
0.677041
0.790087
0.235758
0.191831
0.690730
0.659944
0.477761
0.157799
0.453612
0.440813
0.193967
0.193025
0.656079
0.754500
0.906338
0.337786
0.875954
0.424290
0.054869
0.449897
0.402470
0.893391
0.314433
0.031035
0.781567
0.254033
0.887952
0.681652
0.042876
0.627742
0.686058
0.719917
0.417829
0.921815
0.911748
0.108559
0.581759
0.389509
0.266358
0.035371
0.830322
0.460325
0.228396
0.486401
0.214825
0.134734
0.824187
0.090778
0.559024
0.879055
0.540675
0.961494
0.772447
0.855108
0.992529
0.554013
0.109141
0.880481
0.235666
0.152017
0.508224
0.921723
0.871934
0.926053
0.843538
0.783682
0.034612
0.425298
0.173192
0.300970
0.460669
0.003514
0.761294
0.689065
0.489915
0.976119
0.823799
0.314101
0.066897
0.382824
0.193157
0.607572
0.344318
0.965603
0.462680
0.336847
0.519617
0.571821
0.217329
0.755282
0.723838
0.725552
0.677006
0.595773
0.651605
0.520544
0.379455
0.686217
0.945842
0.552647
0.987187
0.406511
0.556160
0.748481
0.095576
0.046075
0.724600
0.919376
0.360176
0.791497
0.302199
0.553333
0.399070
0.646518
0.518937
0.861750
0.983365
0.038553
0.433571
0.200693
0.793836
0.157410
0.926246
0.470841
0.753183
0.577851
0.991385
0.132638
0.264067
0.937227
0.685285
0.251254
0.343738
0.241445
0.999735
0.439314
0.287520
0.724336
0.358690
0.647696
0.515833
0.660889
0.201029
0.914903
0.307407
0.719966
0.776653
0.290772
0.758520
0.210225
0.491465
0.552356
0.367635
0.417711
0.023197
0.120817
0.995561
0.014582
0.253455
0.259629
0.951809
0.938739
0.510883
0.295547
0.180184
0.510619
0.734861
0.467704
0.234954
0.093551
0.115401
0.750788
0.754440
0.316430
0.665691
0.061847
0.036396
0.442344
0.352619
0.794916
0.652569
0.844084
0.347271
0.020204
0.261794
0.370468
0.141021
0.257356
0.385051
0.394476
0.516985
0.336860
0.333215
0.027868
0.632408
0.513400
0.538486
0.367269
0.981104
0.773441
0.460820
0.096505
0.524228
0.215260
0.412935
0.189919
0.277107
0.449331
0.632263
0.629726
0.244247
0.284832
0.473809
0.591518
0.305036
0.735604
0.961987
0.446057
0.992960
0.347037
0.840533
0.509944
0.683898
0.173748
0.537812
0.316305
0.687148
0.076299
0.683574
0.668252
0.849739
0.144394
0.764757
0.373968
0.359654
0.177692
0.563887
0.636761
0.627023
0.196150
0.266487
0.871270
0.480982
0.740296
0.462788
0.786018
0.475900
0.424775
0.232075
0.468860
0.771812
0.072608
0.978804
0.455710
0.246356
0.516616
0.772015
0.933504
0.592915
0.455589
0.601756
0.442654
0.599984
0.366513
0.816622
0.959638
0.544205
0.380508
0.596399
0.171227
0.576658
0.862886
0.042497
0.057641
0.603183
0.505285
0.843659
0.079083
0.930060
0.075734
0.547942
0.701873
0.148342
0.526746
0.157583
0.394698
0.043362
0.929598
0.328202
0.636277
0.385187
0.929958
0.078931
0.985171
0.296471
0.895552
0.944809
0.840676
0.276061
0.541208
0.011903
0.852719
0.404094
0.054400
0.910360
0.007277
0.559686
0.754019
0.086359
0.489746
0.829752
0.634302
0.191619
0.978094
0.161048
0.349201
0.372792
0.204409
0.278799
0.700995
0.840686
0.663987
0.630953
0.919617
0.649158
0.927424
0.815169
0.593967
0.768100
0.091229
0.135175
0.780003
0.943949
0.539269
0.834403
0.854308
0.546546
0.394089
0.608327
0.632906
0.883835
0.438079
0.267207
0.075453
0.416174
0.428255
0.424655
0.788966
0.632664
0.703454
0.489961
0.473350
0.367441
0.120914
0.392967
0.016598
0.048338
0.208135
0.610565
0.816438
0.299365
0.745740
0.596441
0.243313
0.285009
0.430844
0.097622
0.831555
0.824932
0.705949
0.464461
0.708767
0.144028
0.731668
0.784220
0.560202
0.159923
0.208875
0.349168
0.792587
0.912329
0.839128
0.265937
0.279769
0.960042
0.658904
0.296368
0.008380
0.867039
0.906933
0.824817
0.166404
0.652672
0.421258
0.409717
0.937681
0.852102
0.507339
0.769236
0.677034
0.213288
0.233697
0.385801
0.357316
0.965365
0.170021
0.917517
0.125287
0.378896
0.266685
0.917874
0.291225
0.105813
0.183811
0.570994
0.065855
0.842714
0.867362
0.074235
0.709753
0.774294
0.899052
0.876157
0.426967
0.320311
0.285875
0.364648
0.172412
0.793214
0.133884
0.849447
0.006502
0.367581
0.235248
0.363817
0.332945
0.405269
0.281334
0.458233
0.784165
0.548019
0.376106
0.075390
0.653832
0.559917
0.646384
0.719687
0.402631
0.513746
0.793922
0.112385
0.288040
0.692975
0.988542
0.715007
0.013285
0.274417
0.079655
0.185698
0.067631
0.213539
0.035144
0.074132
0.581120
0.270392
0.437949
0.914066
0.675661
0.719284
0.372298
0.459827
0.267303
0.748405
0.535217
0.921135
0.308322
0.181601
0.640823
0.710953
0.695347
0.434745
0.823338
0.983388
0.127720
0.811880
0.698395
0.141005
0.086297
0.778050
0.326703
0.153928
0.991589
0.361847
0.228060
0.572709
0.632239
0.666009
0.486775
0.307901
0.385293
0.859073
0.767728
0.652596
0.607477
0.302945
0.573731
0.915799
0.484546
0.214554
0.626752
0.179893
0.649299
0.450090
0.163281
0.777018
0.261970
0.861675
0.918024
0.348267
0.639725
0.244726
0.502195
0.631314
0.606574
0.730255
0.204023
0.238813
0.396265
0.690798
0.546714
0.781558
0.549871
0.314441
0.434154
0.157348
0.617386
0.007885
0.073147
0.101931
0.222439
0.699899
0.281824
0.871737
0.149989
0.445105
0.648756
0.411960
0.306781
0.566779
0.760227
0.946506
0.811506
0.262423
0.577820
0.418079
0.992678
0.781843
0.656892
0.388943
0.472641
0.203606
0.170501
0.022512
0.518047
0.604655
0.179860
0.135433
0.612540
0.253007
0.237364
0.834979
0.952906
0.519189
0.706716
0.102896
0.964294
0.355472
0.514856
0.271074
0.922251
0.275083
0.217580
0.733757
0.537506
0.795400
0.151836
0.530184
0.577244
0.808728
0.919127
0.049885
0.012334
0.089628
0.072397
0.530381
0.694283
0.252257
0.665814
0.306822
0.505264
0.903178
0.141801
0.458170
0.422367
0.848517
0.561066
0.386661
0.203989
0.075922
0.657736
0.126240
0.351005
0.875316
0.859997
0.888511
0.670716
0.011833
0.418695
0.247960
0.820561
0.337822
0.297845
0.832895
0.427449
0.370241
0.363277
0.121732
0.622498
0.029091
0.428554
0.127762
0.932269
0.570355
0.585932
0.354637
0.418872
0.146999
0.741298
0.622861
0.222921
0.399033
0.749101
0.573926
0.274349
0.609098
0.462438
0.945066
0.620930
0.881133
0.193025
0.441491
0.218954
0.490870
0.274386
0.646404
0.861111
0.637663
0.768136
0.483609
0.666754
0.196690
0.611371
0.599023
0.767046
0.197304
0.953659
0.185918
0.344303
0.694957
0.808780
0.567224
0.093991
0.557880
0.141150
0.368340
0.166978
0.603588
0.313405
0.787908
0.484721
0.506431
0.229399
0.703675
0.997301
0.503786
0.350079
0.858412
0.141449
0.118215
0.342021
0.808203
0.314905
0.953393
0.407225
0.081951
0.150697
0.360885
0.267870
0.495000
0.055842
0.076649
0.062223
0.149833
0.634530
0.203374
0.518172
0.801508
0.806962
0.831578
0.589416
0.291682
0.338008
0.818815
0.995357
0.335309
0.322601
0.345436
0.193721
0.464050
0.463651
0.535743
0.272253
0.778557
0.489136
0.679478
0.860508
0.639832
0.040363
0.128378
0.134832
0.096205
0.205027
0.197055
0.246037
0.839557
0.400429
0.764210
0.641065
0.207391
0.595788
0.230481
0.499073
0.933796
0.049296
0.494430
0.269105
0.371897
0.839866
0.462826
0.835948
0.303518
0.998569
0.108200
0.082075
0.487704
0.787678
0.942583
0.127537
0.828041
0.070961
0.262369
0.924246
0.275988
0.459424
0.170284
0.115545
0.859853
0.934493
0.756610
0.067243
0.530281
0.987090
0.566316
0.464077
0.036387
0.060746
0.733182
0.408284
0.900612
0.196008
0.244232
0.204130
0.194577
0.352432
0.286205
0.682281
0.140110
0.228788
0.809818
0.968151
0.299749
0.072186
0.892397
0.575737
0.531610
0.062681
0.691282
0.391463
0.997174
0.447891
0.458706
0.527455
0.434982
0.025022
0.991532
0.471368
0.085768
0.724714
0.879652
0.986381
0.920722
0.123884
0.190511
0.115299
0.476316
0.476716
0.797580
0.616426
0.705504
0.607398
0.584577
0.005253
0.679584
0.476975
0.580989
0.211194
0.539656
0.272271
0.602657
0.536830
0.720163
0.061363
0.064285
0.155144
0.086385
0.055817
0.626513
0.172153
0.780531
0.506165
0.158534
0.701253
0.630049
0.349044
0.816552
0.106365
0.825760
0.614132
0.722791
0.531264
0.221530
0.307369
0.536517
0.901114
0.784343
0.117506
0.112308
0.323999
0.389777
0.714965
0.860829
0.109939
0.776328
0.925114
0.265084
0.862713
0.980931
0.891596
0.034866
0.761463
0.397762
0.193399
0.462716
0.027811
0.542444
0.279268
0.134176
0.368204
0.893400
0.856967
0.899468
0.114930
0.164336
0.435985
0.016044
0.948679
0.553490
0.128352
0.272678
0.943267
0.843317
0.133507
0.053207
0.619645
0.058621
0.318290
0.482358
0.039552
0.209887
0.517224
0.801015
0.607648
0.710623
0.263731
0.635459
0.253067
0.542999
0.769635
0.621271
0.436399
0.626603
0.520739
0.551330
0.790938
0.956723
0.567374
0.739617
0.510214
0.695726
0.012295
0.453481
0.539043
0.145802
0.506688
0.158688
0.204423
0.824978
0.641046
0.243975
0.034865
0.158270
0.044990
0.642513
0.868893
0.308721
0.277973
0.121960
0.851720
0.047608
0.743231
0.288120
0.674211
0.263970
0.839449
0.465149
0.220693
0.406823
0.204767
0.730907
0.102548
0.217062
0.184388
0.641591
0.362864
0.691076
0.800279
0.567286
0.516054
0.441325
0.811261
0.550919
0.599595
0.856251
0.193432
0.468488
0.164972
0.471405
0.590448
0.016692
0.519013
0.333679
0.304811
0.193224
0.597649
0.144260
0.658373
0.818342
0.551083
0.863140
0.549249
0.653631
0.080202
0.733636
0.295223
0.443065
0.424712
0.095502
0.010351
0.940766
0.536827
0.821612
0.491684
0.136422
0.677863
0.685116
0.604910
0.842835
0.156521
0.195359
0.859527
0.675535
0.529038
0.164338
0.868759
0.126686
0.308599
0.527132
0.945028
0.859682
0.390272
0.494276
0.513313
0.470474
0.227913
0.808535
0.913539
0.652625
0.904037
0.923890
0.593390
0.440864
0.745503
0.085075
0.577287
0.423366
0.770191
0.182197
0.266201
0.926712
0.377556
0.125728
0.602247
0.906593
0.290066
0.471006
0.033279
0.598665
0.998138
0.978307
0.458346
0.388410
0.472584
0.971659
0.858883
0.700497
0.780195
0.772422
0.353121
0.684232
0.696313
0.946512
0.125096
0.441816
0.031586
0.702383
0.865182
0.801777
0.884580
0.131383
0.728490
0.262135
0.257111
0.330736
0.168729
0.547177
0.801742
0.202008
0.145842
0.799880
0.180315
0.604189
0.188289
0.652899
0.575848
0.047172
0.353396
0.356042
0.819595
0.706517
0.040274
0.515907
0.653029
0.165370
0.957723
0.684615
0.867753
0.822904
0.486392
0.752333
0.954287
0.214882
0.014468
0.211398
0.545618
0.183197
0.758576
0.347360
0.385205
0.904418
0.147240
0.565520
0.508606
0.335529
0.218419
0.084454
0.382701
0.571815
0.440496
0.202296
0.278332
0.480771
0.718203
0.931360
0.646141
0.675926
0.615975
0.513894
0.498831
0.102368
0.266227
0.453118
0.317249
0.280695
0.664516
0.862868
0.463892
0.423092
0.210228
0.849097
0.327510
0.357468
0.414617
0.836116
0.692996
0.633036
0.920570
0.075698
0.204851
0.361066
0.277994
0.483183
0.841837
0.996197
0.414543
0.487978
0.672123
0.030519
0.001872
0.170954
0.132887
0.268098
0.624072
0.450136
0.548793
0.288588
0.313004
0.012685
0.711680
0.523231
0.861782
0.039190
0.880699
0.276399
0.875306
0.573695
0.909435
0.795875
0.649393
0.114286
0.156942
0.927387
0.597469
0.998779
0.923584
0.012013
0.486756
0.595708
0.042532
0.488628
0.766662
0.175418
0.756726
0.390734
0.625554
0.305520
0.679322
0.938558
0.318205
0.391002
0.461789
0.179986
0.430192
0.342488
0.456385
0.305498
0.916183
0.365820
0.101373
0.565576
0.480107
0.258315
0.492963
0.077576
0.257093
0.416547
0.089589
0.743850
0.012255
0.132120
0.232478
0.778917
0.307539
0.989204
0.169650
0.933093
0.294724
0.848972
0.871651
0.612929
0.239975
0.333440
0.792915
0.670167
0.675928
0.249300
0.975665
0.592111
0.615121
0.077038
0.157687
0.095228
0.335353
0.650650
0.172803
0.592447
0.067198
0.262392
0.336297
0.079453
0.394513
0.568774
0.858369
0.702051
0.557979
0.028020
0.635144
0.852703
0.876992
0.506795
0.465631
0.116967
0.840235
0.258546
0.787134
0.516162
0.507847
0.762799
0.108273
0.122968
0.839838
0.265961
0.218195
0.175191
0.916611
0.390999
0.767638
0.983809
0.653391
0.103934
0.063262
0.047904
0.672709
0.921631
0.749955
0.230688
0.949651
0.385099
0.083390
0.826643
0.891894
0.549021
0.943610
0.732129
0.807568
0.730744
0.248291
0.315415
0.493544
0.356564
0.438382
0.333382
0.622525
0.656577
0.508573
0.539136
0.047576
0.276211
0.522945
0.700967
0.380145
0.586207
0.748870
0.052854
0.507838
0.498825
0.283542
0.457488
0.883924
0.366932
0.284131
0.775818
0.915953
0.227741
0.507947
0.723521
0.958486
0.756238
0.038936
0.452030
0.112803
0.477318
0.785411
0.735328
0.133895
0.293984
0.274464
0.181471
0.570195
0.797408
0.882438
0.950341
0.383615
0.631308
0.003195
0.891453
0.130134
0.286737
0.348941
0.014058
0.653669
0.633072
0.789876
0.569622
0.860814
0.297823
0.293144
0.819300
0.054062
0.332079
0.271329
0.166864
0.809398
0.056740
0.902192
0.943293
0.350725
0.176656
0.124764
0.920920
0.974064
0.007203
0.871260
0.357679
0.638511
0.874455
0.249132
0.768645
0.161192
0.598073
0.782703
0.814861
0.231145
0.572579
0.384483
0.091959
0.870403
0.677627
0.911258
0.924464
0.009706
0.182587
0.091329
0.819104
0.239328
0.993521
0.762397
0.590052
0.170176
0.887161
0.510972
0.144240
0.894364
0.382233
0.501919
0.532875
0.256688
0.751051
0.301520
0.417880
0.349123
0.084222
0.232741
0.580268
0.656801
0.617224
0.672227
0.527204
0.294851
0.583485
0.451668
0.304557
0.766073
0.542997
0.123661
0.005400
0.536518
0.886058
0.595453
0.706694
0.773219
0.106425
0.850934
0.667583
0.488658
0.352854
0.200458
0.745347
0.103904
0.501978
0.163227
0.453028
0.586200
0.395968
0.033296
0.243001
0.013193
0.705523
0.770205
0.308044
0.289008
0.221873
0.612601
0.055081
0.764870
0.736263
0.060482
0.301388
0.622321
0.655935
0.008082
0.395540
0.762360
0.859016
0.063123
0.251018
0.211869
0.263581
0.996365
0.315774
0.765559
0.159591
0.768802
0.351759
0.555560
0.802098
0.594760
0.568752
0.507621
0.364965
0.876796
0.796629
0.586838
0.489398
0.851710
0.351708
0.225660
0.912192
0.653096
0.847981
0.568126
0.661178
0.243521
0.330486
0.520193
0.306645
0.581504
0.732063
0.570226
0.577869
0.047837
0.335785
0.737460
0.816638
0.687544
0.293020
0.618736
0.282305
0.861772
0.126357
0.647270
0.738569
0.922986
0.234108
0.227966
0.774696
0.585817
0.453627
0.686888
0.238913
0.301608
0.255014
0.900090
0.545129
0.585500
0.420284
0.851774
0.167004
0.152347
0.422000
0.744873
0.200183
0.757786
0.482333
0.016822
0.445330
0.775353
0.635557
0.727635
0.637126
0.761914
0.374905
0.375695
0.684900
0.609013
0.603661
0.459596
0.194830
0.057288
0.146483
0.433743
0.358896
0.401497
0.333833
0.904025
0.986997
0.754117
0.755799
0.154002
0.906464
0.177799
0.898875
0.106647
0.935585
0.381208
0.123468
0.380915
0.156562
0.759026
0.108550
0.793687
0.520940
0.483455
0.169382
0.205839
0.092468
0.773043
0.665435
0.287298
0.830331
0.811918
0.721041
0.189226
0.213415
0.054874
0.093251
0.200412
0.808991
0.849050
0.354414
0.715455
0.026849
0.253289
0.822102
0.962435
0.634497
0.945571
0.343350
0.791059
0.704596
0.451900
0.584746
0.225536
0.935355
0.754128
0.431376
0.027823
0.527171
0.096810
0.315121
0.357502
0.908729
0.036162
0.546728
0.122144
0.091037
0.639979
0.322556
0.900028
0.489029
0.676970
0.615483
0.515879
0.930259
0.437586
0.478313
0.564756
0.383156
0.821663
0.355815
0.087753
0.273563
0.940561
0.313289
0.208918
0.694689
0.744665
0.236741
0.221860
0.841475
0.551863
0.579362
0.750204
0.588025
0.126090
0.872347
0.679062
0.766069
0.194903
0.579090
0.255098
0.871874
0.194574
0.770977
0.802133
0.632159
0.249290
0.366889
0.015316
0.070953
0.722703
0.103068
0.344516
0.663264
0.416357
0.553434
0.357953
0.161022
0.790175
0.579813
0.002497
0.342038
0.159175
0.752701
0.930063
0.285265
0.625048
0.609125
0.051333
0.819951
0.188215
0.306431
0.691825
0.382789
0.077408
0.493958
0.014948
0.326698
0.860846
0.030263
0.397650
0.583550
0.133332
0.742166
0.246814
0.549689
0.295600
0.604767
0.710711
0.085775
0.184580
0.713208
0.427813
0.343755
0.465908
0.357876
0.629020
0.090956
0.967001
0.680353
0.910907
0.155216
0.986785
0.602732
0.538004
0.064193
0.096690
0.552952
0.390890
0.957536
0.583215
0.788540
0.541086
0.716547
0.530706
0.787900
0.266236
0.826306
0.392667
0.976946
0.912081
0.577247
0.690154
0.339894
0.921002
0.156062
0.697770
0.550022
0.247018
0.664771
0.230376
0.157925
0.819986
0.217160
0.760658
0.357990
0.281353
0.857347
0.910942
0.672243
0.814883
0.494158
0.460783
0.355969
0.210704
0.991490
0.143869
0.476940
0.817796
0.536536
0.453886
0.729877
0.113783
0.144040
0.069772
0.034786
0.300103
0.767542
0.584808
0.547121
0.432313
0.815184
0.705046
0.252299
0.032344
0.465704
0.610289
0.313697
0.323051
0.521231
0.985940
0.137935
0.015389
0.446723
0.493904
0.226093
0.438213
0.637773
0.703033
0.256009
0.174309
0.156920
0.985886
0.288093
0.300960
0.055658
0.322879
0.601063
0.823200
0.907687
0.148184
0.255512
0.722871
0.853231
0.507811
0.755215
0.318935
0.118100
0.068912
0.641986
0.639331
0.054851
0.779921
0.654721
0.501574
0.273825
0.880814
0.939787
0.911598
0.583847
0.195796
0.085908
0.740767
0.181682
0.374000
0.041727
0.237339
0.696879
0.642790
0.060539
0.604566
0.790975
0.316051
0.327436
0.644205
0.823862
0.082651
0.963140
0.941962
0.151563
0.605126
0.581293
0.206414
0.385046
0.236014
0.707989
0.658871
0.116828
0.647776
0.570470
0.700675
0.843571
0.656377
0.441442
0.025253
0.030378
0.483170
0.262593
0.727257
0.125960
0.323132
0.331822
0.916935
0.639183
0.659259
0.561140
0.463045
0.741910
0.524279
0.405006
0.893472
0.129405
0.986300
0.099886
0.514451
0.222314
0.807875
0.173323
0.339142
0.455651
0.743793
0.039817
0.299222
0.400170
0.481259
0.324475
0.430547
0.964428
0.587068
0.157804
0.090388
0.910200
0.489626
0.007323
0.549383
0.148885
0.568463
0.012427
0.890794
0.092742
0.417434
0.784267
0.222147
0.403734
0.884153
0.736598
0.626047
0.692028
0.909921
0.965189
0.147679
0.653714
0.005005
0.446901
0.053884
0.486264
0.771377
0.484431
0.450693
0.358445
0.642235
0.541081
0.268645
0.131861
0.548404
0.818027
0.280746
0.116867
0.830454
0.171540
0.209609
0.247888
0.955807
0.431756
0.651622
0.839960
0.168354
0.277669
0.531989
0.078276
0.242858
0.679668
0.731990
0.247863
0.126569
0.785873
0.734127
0.897945
0.270304
0.184820
0.256390
0.912539
0.725901
0.525035
0.044400
0.274305
0.343062
0.325146
0.391172
0.173516
0.496687
0.600780
0.421404
0.452494
0.032536
0.073026
0.292454
0.200890
0.350694
0.824443
0.279166
0.593552
0.504110
0.011156
0.841415
0.630679
0.797029
0.575542
0.528625
0.067333
0.760362
0.785015
0.979872
0.486263
0.310049
0.024273
0.760568
0.653111
0.349419
0.151739
0.826627
0.846105
0.752520
0.248031
0.298599
0.785056
0.321056
0.591053
0.985946
0.671750
0.415496
0.265112
0.265303
0.919606
0.276268
0.106718
0.550285
0.073297
0.682260
0.078910
0.140630
0.442623
0.863924
0.120502
0.928886
0.173973
0.144774
0.689453
0.827084
0.494193
0.841193
0.653711
0.340299
0.593712
0.901741
0.638898
0.378768
0.222797
0.229951
0.364714
0.894548
0.645447
0.629827
0.159850
0.565053
0.906094
0.266568
0.115338
0.979391
0.948828
0.194248
0.120020
0.391451
0.058173
0.240522
0.320336
0.232146
0.385297
0.009790
0.059230
0.879490
0.850983
0.712941
0.219788
0.444695
0.614682
0.858686
0.823463
0.837479
0.088637
0.188177
0.732027
0.734083
0.818004
0.891877
0.299136
0.724098
0.158445
0.414474
0.703489
0.107273
0.608722
0.823509
0.498724
0.666895
0.064032
0.819061
0.899041
0.449328
0.828851
0.958271
0.328818
0.679833
0.671212
0.548606
0.124528
0.285894
0.407292
0.947991
0.123373
0.495929
0.136169
0.855400
0.230012
0.954173
0.747277
0.529148
0.678271
0.905722
0.943622
0.381760
0.012996
0.552344
0.205269
0.511720
0.219239
0.269301
0.330781
0.118280
0.718629
0.159632
0.076551
0.047447
0.839465
0.747762
0.596053
0.963993
0.033656
0.003345
0.911985
0.157029
0.499274
0.048153
0.012429
0.729285
0.002326
0.759706
0.258433
0.680597
0.665428
0.202055
0.062356
0.678424
0.754399
0.267626
0.190144
0.973638
0.536927
0.520925
0.091917
0.255556
0.680556
0.168468
0.303003
0.520021
0.916230
0.899056
0.484014
0.949887
0.902401
0.395999
0.106916
0.401674
0.444152
0.119345
0.130959
0.446478
0.879051
0.389392
0.127075
0.544479
0.591447
0.189431
0.222903
0.345846
0.457057
0.413047
0.319484
0.993983
0.933971
0.411401
0.249539
0.614528
0.579869
0.552542
0.134549
0.496100
0.451597
0.618563
0.445986
0.353998
0.014562
0.552902
0.755672
0.458715
0.672247
0.886631
0.905193
0.551298
0.276024
0.032267
0.095777
0.867471
0.221698
0.318680
0.213317
0.678755
0.731727
0.532801
0.672738
0.665698
0.944202
0.922277
0.280226
0.524072
0.474819
0.414775
0.020171
0.926416
0.033338
0.466158
0.280414
0.047900
0.019060
0.036086
0.506615
0.691307
0.922717
0.411807
0.242605
0.198741
0.444075
0.338382
0.066212
0.665773
0.657062
0.279529
0.344528
0.388789
0.812329
0.017267
0.054487
0.756532
0.939544
0.334713
0.280603
0.414363
0.749487
0.300775
0.340779
0.782825
0.766932
0.621193
0.830726
0.785992
0.657279
0.337340
0.477299
0.579996
0.749148
0.719904
0.778737
0.193223
0.058286
0.844948
0.858996
0.715348
0.124477
0.203524
0.104136
0.936807
0.220791
0.158623
0.693338
0.160335
0.493335
0.973941
0.574699
0.242823
0.274716
0.915478
0.025648
0.041648
0.536671
0.856374
0.827640
0.193950
0.193714
0.304940
0.773946
0.942862
0.024844
0.552683
0.136085
0.083129
0.397632
0.995081
0.798477
0.522109
0.198605
0.902613
0.458915
0.419396
0.061236
0.152254
0.579731
0.554571
0.126195
0.154430
0.797394
0.400911
0.069908
0.823042
0.442559
0.606579
0.679416
0.270199
0.800530
0.873130
0.575139
0.574476
0.815992
0.599982
0.127159
0.952077
0.683112
0.524791
0.947158
0.481589
0.046900
0.145763
0.384202
0.505815
0.565159
0.445438
0.658069
0.144890
0.000009
0.784264
0.299320
0.797403
0.185174
0.369228
0.620445
0.627733
0.975807
0.299861
0.897933
0.776337
0.172991
0.473071
0.350813
0.988984
0.073054
0.477972
0.941061
0.756165
0.002763
0.888219
0.237754
0.049663
0.033981
0.621956
0.555478
0.599140
0.067393
0.213546
0.744030
0.067402
0.997810
0.043351
0.864805
0.182985
0.412579
0.485251
0.810718
0.388386
0.785112
0.708651
0.164723
0.958103
0.181722
0.515536
0.947086
0.254776
0.993507
0.888147
0.010941
0.996270
0.776366
0.248695
0.045933
0.810347
0.870651
0.601411
0.409487
0.938044
0.814957
0.153518
0.005446
0.812767
0.196868
0.870252
0.995752
0.609447
0.355502
0.806470
0.997833
0.140614
0.515120
0.162556
0.098717
0.696842
0.678091
0.045803
0.951618
0.671599
0.933950
0.962559
0.667869
0.710316
0.211253
0.713802
0.520663
0.081904
0.315213
0.930150
0.019948
0.130170
0.083668
0.025394
0.942937
0.280537
0.895646
0.938689
0.889984
0.251149
0.745158
0.887817
0.391763
0.260278
0.050373
0.490480
0.957121
0.728464
0.536283
0.908738
0.400063
0.470233
0.871297
0.067933
0.180549
0.082550
0.781735
0.701212
0.164454
0.096947
0.631362
0.184402
0.227117
0.715030
0.209796
0.170054
0.995567
0.105443
0.108743
0.885550
0.356591
0.853902
0.773367
0.748354
0.114180
0.823740
0.238833
0.071301
0.552204
0.775116
0.980039
0.952268
0.245349
0.851335
0.020200
0.425898
0.933885
0.801935
0.127110
0.098339
0.898882
0.758472
0.282741
0.126000
0.473502
0.492538
0.296054
0.469069
0.597980
0.404797
0.354619
0.954571
0.258699
0.127986
0.702925
0.372879
0.951727
0.941759
0.444180
0.503931
0.716875
0.424218
0.456199
0.962224
0.275553
0.476399
0.388122
0.209439
0.278334
0.515232
0.307778
0.177216
0.273704
0.590519
0.303216
0.747206
0.083057
0.599270
0.216275
0.681037
0.004068
0.570894
0.635608
0.262767
0.698880
0.338533
0.635645
0.650607
0.280292
0.079825
0.154538
0.997166
0.504043
0.610737
0.959390
0.779597
0.087136
0.347512
0.989035
0.365470
0.862744
0.296813
0.542686
0.136448
0.887332
0.845903
0.883654
0.970389
0.445173
0.099928
0.651426
0.449241
0.670822
0.287034
0.712007
0.369703
0.625567
0.347653
0.020309
0.905858
0.427478
0.174847
0.903025
0.931521
0.785584
0.862415
0.711117
0.872720
0.209927
0.700153
0.238190
0.072671
0.996966
0.780876
0.209119
0.884298
0.626779
0.092773
0.854687
0.071952
0.192702
0.506112
0.521192
0.863524
0.793146
0.233200
0.233226
0.418712
0.580852
0.253536
0.324571
0.008330
0.428383
0.227595
0.939851
0.213967
0.090011
0.650968
0.086687
0.299938
0.351121
0.324877
0.372609
0.348086
0.105753
0.581728
0.232384
0.732532
0.674502
0.087070
0.804484
0.867203
0.593182
0.325676
0.730727
0.386328
0.558876
0.963954
0.805040
0.139728
0.217489
0.129611
0.148058
0.645872
0.357206
0.087909
0.859839
0.447217
0.738877
0.946526
0.747155
0.089997
0.271403
0.119764
0.438083
0.377156
0.701492
0.670467
0.109688
0.375994
0.757537
0.914171
0.243197
0.350720
0.239847
0.973924
0.737048
0.798723
0.937878
0.542088
0.938451
0.155367
0.671699
0.086509
0.801239
0.028905
0.174417
0.661079
0.476122
0.913294
0.607605
0.223277
0.003291
0.879008
0.343041
0.441374
0.256164
0.044533
0.111841
0.365852
0.420527
0.869378
0.280023
0.663724
0.220098
0.519870
0.637649
0.957145
0.318593
0.575526
0.499233
0.257043
0.730893
0.170932
0.343552
0.532133
0.199837
0.517969
0.193212
0.675959
0.431263
0.800817
0.899235
0.434553
0.679825
0.242276
0.875927
0.935990
0.286809
0.987768
0.301842
0.707337
0.857146
0.581864
0.371061
0.077243
0.101734
0.008709
0.034388
0.420327
0.584236
0.533621
0.677371
0.315129
0.704553
0.020922
0.847262
0.904390
0.538891
0.040474
0.580349
0.970154
0.841291
0.479584
0.404707
0.521116
0.721860
0.280634
0.457106
0.008670
0.268401
0.758948
0.716006
0.125547
0.340812
0.087067
0.202790
0.442547
0.095777
0.237179
0.862874
0.680012
0.770800
0.540244
0.995141
0.475353
0.561167
0.842403
0.379743
0.100058
0.882877
0.960092
0.070212
0.724168
0.439676
0.474919
0.245284
0.161537
0.755553
0.702391
0.170206
0.023955
0.461338
0.886213
0.149502
0.802150
0.973280
0.352292
0.244697
0.069056
0.589470
0.107571
0.749068
0.360271
0.647815
0.744210
0.835624
0.208982
0.586613
0.215367
0.309040
0.469490
0.175459
0.379252
0.193658
0.615135
0.854171
0.438943
0.776672
0.609724
0.141333
0.946878
0.633679
0.602672
0.833091
0.783181
0.404822
0.806370
0.135473
0.649519
0.875426
0.724943
0.757090
0.624495
0.085214
0.404905
0.368704
0.920837
0.613887
0.955317
0.136205
0.922927
0.424808
0.311664
0.302179
0.618466
0.926799
0.156351
0.057409
0.703470
0.766075
0.198742
0.650348
0.399754
0.801414
0.483439
0.182935
0.206236
0.289809
0.318408
0.855755
0.165236
0.043351
0.612845
0.789730
0.128564
0.017750
0.158435
0.049402
0.631637
0.113752
0.185606
0.554564
0.538560
0.497270
0.856744
0.157026
0.424068
0.013095
0.214434
0.127539
0.779170
0.413176
0.777887
0.178924
0.214590
0.261326
0.361859
0.420825
0.551136
0.680267
0.276580
0.716371
0.723617
0.889425
0.506101
0.852181
0.907175
0.664536
0.901583
0.538813
0.778288
0.087189
0.093377
0.316848
0.584459
0.950121
0.473874
0.008527
0.963216
0.688308
0.136066
0.742385
0.101484
0.913953
0.921309
0.316073
0.175279
0.283168
0.736899
0.726415
0.963435
0.013479
0.442786
0.687052
0.902904
0.948888
0.539234
0.810080
0.613424
0.440816
0.348892
0.391712
0.528005
0.442270
0.708560
0.112464
0.392391
0.182434
0.120991
0.355606
0.870741
0.257056
0.097991
0.972225
0.171009
0.019301
0.288298
0.346289
0.302469
0.025197
0.072704
0.265904
0.038675
0.515490
0.952956
0.941579
0.464378
0.492190
0.751659
0.077802
0.933006
0.100551
0.469514
0.461012
0.542821
0.178074
0.573475
0.935211
0.360508
0.694466
0.290817
0.231249
0.951522
0.388809
0.203474
0.122532
0.408110
0.491772
0.468821
0.710579
0.516969
0.541525
0.976483
0.555644
0.057015
0.929439
0.497223
0.521393
0.421629
0.248882
0.599195
0.354636
0.349434
0.068709
0.815647
0.892255
0.246783
0.389122
0.827466
0.607291
0.083588
0.118283
0.838540
0.035111
0.507092
0.042013
0.157642
0.915202
0.533785
0.626463
0.625781
0.050754
0.167988
0.602264
0.606398
0.225003
0.531703
0.103621
0.746396
0.953332
0.352504
0.345591
0.307968
0.701937
0.414300
0.123615
0.594192
0.661083
0.512737
0.421658
0.268374
0.596326
0.539942
0.106914
0.631436
0.047034
0.148927
0.789079
0.962236
0.682713
0.415542
0.588017
0.733467
0.583529
0.190280
0.339864
0.808532
0.721983
0.443486
0.554928
0.675316
0.795989
0.900519
0.983284
0.497927
0.314819
0.106899
0.092119
0.975903
0.619636
0.513777
0.244277
0.215962
0.053719
0.351190
0.847398
0.100752
0.500118
0.636477
0.062988
0.182830
0.052018
0.651005
0.916297
0.635548
0.841285
0.256161
0.444080
0.563268
0.699647
0.999008
0.238584
0.495636
0.899527
0.221868
0.993563
0.214347
0.328766
0.085682
0.190249
0.948402
0.599459
0.434526
0.164364
0.653178
0.785716
0.011762
0.753930
0.285834
0.648238
0.816918
0.468664
0.700256
0.467923
0.384961
0.335804
0.309209
0.641122
0.779884
0.872477
0.340769
0.778892
0.111061
0.836405
0.678419
0.332929
0.829968
0.892766
0.661695
0.915650
0.083015
0.610097
0.515109
0.517541
0.774461
0.168286
0.303258
0.786223
0.922216
0.589091
0.434461
0.739135
0.057756
0.134717
0.207058
0.442717
0.470522
0.516267
0.083839
0.250405
0.388744
0.424608
0.029297
0.499805
0.261013
0.707717
0.832734
0.090981
0.600482
0.494429
0.006631
0.683498
0.104526
0.521740
0.201039
0.878987
0.690026
0.504296
0.665210
0.612243
0.093388
0.099671
0.351378
0.151143
0.234388
0.558436
0.593860
0.704910
0.074703
0.677699
0.955315
0.463446
0.102306
0.984612
0.963251
0.363319
0.692329
0.795985
0.454300
0.292811
0.290413
0.460930
0.976309
0.394939
0.982670
0.177348
0.273926
0.672696
0.681644
0.939135
0.284939
0.775032
0.038806
0.636316
0.926176
0.273194
0.194752
0.520036
0.978104
0.269455
0.197734
0.933419
0.732901
0.300041
0.918031
0.696152
0.663360
0.610360
0.492137
0.117659
0.903171
0.782550
0.578589
0.879480
0.177489
0.561259
0.056828
0.451415
0.233955
0.738472
0.390550
0.518894
0.513504
0.429356
0.155211
0.439680
0.702550
0.349963
0.959716
0.680654
0.619418
0.157450
0.614072
0.352319
0.457491
0.532103
0.048471
0.120851
0.142463
0.540608
0.238510
0.045634
0.323158
0.817099
0.925114
0.500648
0.378358
0.981942
0.952063
0.612314
0.720414
0.342613
0.131208
0.233918
0.771969
0.286419
0.673599
0.474520
0.636382
0.633314
0.155173
0.255800
0.790765
0.769246
0.608119
0.248256
0.301349
0.656590
0.369106
0.443811
0.197198
0.607616
0.489445
0.520356
0.424715
0.414559
0.021004
0.803073
0.396501
0.973066
0.415387
0.116915
0.315679
0.546595
0.350833
0.087649
0.833014
0.024432
0.562168
0.469396
0.657746
0.717342
0.725196
0.448511
0.486588
0.333315
0.696766
0.787936
0.989905
0.065872
0.231748
0.187102
0.673488
0.721193
0.707459
0.098203
0.135752
0.728462
0.901276
0.532253
0.701529
0.316663
0.649167
0.017208
0.863258
0.000000
0.104857
0.696272
0.024432
0.667026
0.165668
0.682178
0.384367
0.890864
0.130689
0.870955
0.224178
0.827455
0.658891
0.214083
0.893327
0.890639
0.401185
0.566816
0.611832
0.108644
0.665018
0.747584
0.837106
0.566294
0.279836
0.538635
0.882957
0.929003
0.555843
0.746215
0.929004
0.660700
0.442487
0.953436
0.327726
0.608154
0.635614
0.712093
0.499018
0.766303
0.583048
0.723196
0.593758
0.241939
0.937279
0.487085
0.132578
0.338464
0.053901
0.744410
0.447108
0.718919
0.491993
0.284214
0.285214
0.771830
0.822849
0.168171
0.700833
0.378692
0.914386
0.629837
0.039392
0.356872
0.583273
0.367118
0.965027
0.218887
0.079211
0.464044
0.985190
0.662259
0.187240
0.578948
0.904198
0.124519
0.066034
0.036777
0.462983
0.119935
0.781186
0.910090
0.838854
0.273180
0.194304
0.124068
0.045009
0.017153
0.292239
0.745842
0.395845
0.206625
0.375679
0.435238
0.563497
0.958952
0.802356
0.528524
0.177839
0.881567
0.992568
0.163029
0.543826
0.179808
0.741978
0.448025
0.304327
0.808011
0.484801
0.767309
0.927946
0.265988
0.677399
0.766800
0.539168
